

<<<<<<<<<<<<<<< USING MyLinkedLIST>>>>>>>>>>>>>>


inserting at start
The list has 1 elements!
118

inserting at start
The list has 2 elements!
84
118

inserting at start
The list has 3 elements!
149
84
118

inserting at start
The list has 4 elements!
96
149
84
118

inserting at start
The list has 5 elements!
72
96
149
84
118

inserting at start
The list has 6 elements!
49
72
96
149
84
118

inserting at start
The list has 7 elements!
195
49
72
96
149
84
118

inserting at start
The list has 8 elements!
7
195
49
72
96
149
84
118

inserting at start
The list has 9 elements!
138
7
195
49
72
96
149
84
118

inserting at start
The list has 10 elements!
168
138
7
195
49
72
96
149
84
118

inserting at start
The list has 11 elements!
69
168
138
7
195
49
72
96
149
84
118

inserting at start
The list has 12 elements!
57
69
168
138
7
195
49
72
96
149
84
118

inserting at start
The list has 13 elements!
194
57
69
168
138
7
195
49
72
96
149
84
118

inserting at start
The list has 14 elements!
114
194
57
69
168
138
7
195
49
72
96
149
84
118

inserting at start
The list has 15 elements!
167
114
194
57
69
168
138
7
195
49
72
96
149
84
118

inserting at start
The list has 16 elements!
64
167
114
194
57
69
168
138
7
195
49
72
96
149
84
118

inserting at start
The list has 17 elements!
30
64
167
114
194
57
69
168
138
7
195
49
72
96
149
84
118

inserting at start
The list has 18 elements!
99
30
64
167
114
194
57
69
168
138
7
195
49
72
96
149
84
118

inserting at start
The list has 19 elements!
102
99
30
64
167
114
194
57
69
168
138
7
195
49
72
96
149
84
118

inserting at start
The list has 20 elements!
124
102
99
30
64
167
114
194
57
69
168
138
7
195
49
72
96
149
84
118

inserting at start
The list has 21 elements!
162
124
102
99
30
64
167
114
194
57
69
168
138
7
195
49
72
96
149
84
118

inserting at start
The list has 22 elements!
15
162
124
102
99
30
64
167
114
194
57
69
168
138
7
195
49
72
96
149
84
118

inserting at start
The list has 23 elements!
121
15
162
124
102
99
30
64
167
114
194
57
69
168
138
7
195
49
72
96
149
84
118

inserting at start
The list has 24 elements!
148
121
15
162
124
102
99
30
64
167
114
194
57
69
168
138
7
195
49
72
96
149
84
118

inserting at start
The list has 25 elements!
156
148
121
15
162
124
102
99
30
64
167
114
194
57
69
168
138
7
195
49
72
96
149
84
118

inserting at start
The list has 26 elements!
82
156
148
121
15
162
124
102
99
30
64
167
114
194
57
69
168
138
7
195
49
72
96
149
84
118

inserting at start
The list has 27 elements!
178
82
156
148
121
15
162
124
102
99
30
64
167
114
194
57
69
168
138
7
195
49
72
96
149
84
118

inserting at start
The list has 28 elements!
70
178
82
156
148
121
15
162
124
102
99
30
64
167
114
194
57
69
168
138
7
195
49
72
96
149
84
118

inserting at start
The list has 29 elements!
177
70
178
82
156
148
121
15
162
124
102
99
30
64
167
114
194
57
69
168
138
7
195
49
72
96
149
84
118

inserting at start
The list has 30 elements!
24
177
70
178
82
156
148
121
15
162
124
102
99
30
64
167
114
194
57
69
168
138
7
195
49
72
96
149
84
118

inserting at start
The list has 31 elements!
10
24
177
70
178
82
156
148
121
15
162
124
102
99
30
64
167
114
194
57
69
168
138
7
195
49
72
96
149
84
118

inserting at start
The list has 32 elements!
35
10
24
177
70
178
82
156
148
121
15
162
124
102
99
30
64
167
114
194
57
69
168
138
7
195
49
72
96
149
84
118

inserting at start
The list has 33 elements!
57
35
10
24
177
70
178
82
156
148
121
15
162
124
102
99
30
64
167
114
194
57
69
168
138
7
195
49
72
96
149
84
118

time is 2



inserting at index  33
The list has 34 elements!
57
35
10
24
177
70
178
82
156
148
121
15
162
124
102
99
30
64
167
114
194
57
69
168
138
7
195
49
72
96
149
84
118
164

inserting at index  17
The list has 35 elements!
57
35
10
24
177
70
178
82
156
148
121
15
162
124
102
99
30
109
64
167
114
194
57
69
168
138
7
195
49
72
96
149
84
118
164

inserting at index  16
The list has 36 elements!
57
35
10
24
177
70
178
82
156
148
121
15
162
124
102
99
161
30
109
64
167
114
194
57
69
168
138
7
195
49
72
96
149
84
118
164

inserting at index  36
The list has 37 elements!
57
35
10
24
177
70
178
82
156
148
121
15
162
124
102
99
161
30
109
64
167
114
194
57
69
168
138
7
195
49
72
96
149
84
118
164
76

inserting at index  19
The list has 38 elements!
57
35
10
24
177
70
178
82
156
148
121
15
162
124
102
99
161
30
109
119
64
167
114
194
57
69
168
138
7
195
49
72
96
149
84
118
164
76

inserting at index  35
The list has 39 elements!
57
35
10
24
177
70
178
82
156
148
121
15
162
124
102
99
161
30
109
119
64
167
114
194
57
69
168
138
7
195
49
72
96
149
84
147
118
164
76

inserting at index  17
The list has 40 elements!
57
35
10
24
177
70
178
82
156
148
121
15
162
124
102
99
161
131
30
109
119
64
167
114
194
57
69
168
138
7
195
49
72
96
149
84
147
118
164
76

inserting at index  13
The list has 41 elements!
57
35
10
24
177
70
178
82
156
148
121
15
162
46
124
102
99
161
131
30
109
119
64
167
114
194
57
69
168
138
7
195
49
72
96
149
84
147
118
164
76

inserting at index  15
The list has 42 elements!
57
35
10
24
177
70
178
82
156
148
121
15
162
46
124
136
102
99
161
131
30
109
119
64
167
114
194
57
69
168
138
7
195
49
72
96
149
84
147
118
164
76

inserting at index  14
The list has 43 elements!
57
35
10
24
177
70
178
82
156
148
121
15
162
46
13
124
136
102
99
161
131
30
109
119
64
167
114
194
57
69
168
138
7
195
49
72
96
149
84
147
118
164
76

inserting at index  12
The list has 44 elements!
57
35
10
24
177
70
178
82
156
148
121
15
123
162
46
13
124
136
102
99
161
131
30
109
119
64
167
114
194
57
69
168
138
7
195
49
72
96
149
84
147
118
164
76

inserting at index  9
The list has 45 elements!
57
35
10
24
177
70
178
82
156
105
148
121
15
123
162
46
13
124
136
102
99
161
131
30
109
119
64
167
114
194
57
69
168
138
7
195
49
72
96
149
84
147
118
164
76

inserting at index  5
The list has 46 elements!
57
35
10
24
177
133
70
178
82
156
105
148
121
15
123
162
46
13
124
136
102
99
161
131
30
109
119
64
167
114
194
57
69
168
138
7
195
49
72
96
149
84
147
118
164
76

inserting at index  36
The list has 47 elements!
57
35
10
24
177
133
70
178
82
156
105
148
121
15
123
162
46
13
124
136
102
99
161
131
30
109
119
64
167
114
194
57
69
168
138
7
72
195
49
72
96
149
84
147
118
164
76

inserting at index  16
The list has 48 elements!
57
35
10
24
177
133
70
178
82
156
105
148
121
15
123
162
96
46
13
124
136
102
99
161
131
30
109
119
64
167
114
194
57
69
168
138
7
72
195
49
72
96
149
84
147
118
164
76

inserting at index  9
The list has 49 elements!
57
35
10
24
177
133
70
178
82
137
156
105
148
121
15
123
162
96
46
13
124
136
102
99
161
131
30
109
119
64
167
114
194
57
69
168
138
7
72
195
49
72
96
149
84
147
118
164
76

inserting at index  29
The list has 50 elements!
57
35
10
24
177
133
70
178
82
137
156
105
148
121
15
123
162
96
46
13
124
136
102
99
161
131
30
109
119
145
64
167
114
194
57
69
168
138
7
72
195
49
72
96
149
84
147
118
164
76

inserting at index  36
The list has 51 elements!
57
35
10
24
177
133
70
178
82
137
156
105
148
121
15
123
162
96
46
13
124
136
102
99
161
131
30
109
119
145
64
167
114
194
57
69
115
168
138
7
72
195
49
72
96
149
84
147
118
164
76

inserting at index  12
The list has 52 elements!
57
35
10
24
177
133
70
178
82
137
156
105
57
148
121
15
123
162
96
46
13
124
136
102
99
161
131
30
109
119
145
64
167
114
194
57
69
115
168
138
7
72
195
49
72
96
149
84
147
118
164
76

inserting at index  38
The list has 53 elements!
57
35
10
24
177
133
70
178
82
137
156
105
57
148
121
15
123
162
96
46
13
124
136
102
99
161
131
30
109
119
145
64
167
114
194
57
69
115
169
168
138
7
72
195
49
72
96
149
84
147
118
164
76

inserting at index  3
The list has 54 elements!
57
35
10
113
24
177
133
70
178
82
137
156
105
57
148
121
15
123
162
96
46
13
124
136
102
99
161
131
30
109
119
145
64
167
114
194
57
69
115
169
168
138
7
72
195
49
72
96
149
84
147
118
164
76

inserting at index  28
The list has 55 elements!
57
35
10
113
24
177
133
70
178
82
137
156
105
57
148
121
15
123
162
96
46
13
124
136
102
99
161
131
36
30
109
119
145
64
167
114
194
57
69
115
169
168
138
7
72
195
49
72
96
149
84
147
118
164
76

inserting at index  23
The list has 56 elements!
57
35
10
113
24
177
133
70
178
82
137
156
105
57
148
121
15
123
162
96
46
13
124
47
136
102
99
161
131
36
30
109
119
145
64
167
114
194
57
69
115
169
168
138
7
72
195
49
72
96
149
84
147
118
164
76

inserting at index  27
The list has 57 elements!
57
35
10
113
24
177
133
70
178
82
137
156
105
57
148
121
15
123
162
96
46
13
124
47
136
102
99
4
161
131
36
30
109
119
145
64
167
114
194
57
69
115
169
168
138
7
72
195
49
72
96
149
84
147
118
164
76

inserting at index  29
The list has 58 elements!
57
35
10
113
24
177
133
70
178
82
137
156
105
57
148
121
15
123
162
96
46
13
124
47
136
102
99
4
161
31
131
36
30
109
119
145
64
167
114
194
57
69
115
169
168
138
7
72
195
49
72
96
149
84
147
118
164
76

inserting at index  28
The list has 59 elements!
57
35
10
113
24
177
133
70
178
82
137
156
105
57
148
121
15
123
162
96
46
13
124
47
136
102
99
4
85
161
31
131
36
30
109
119
145
64
167
114
194
57
69
115
169
168
138
7
72
195
49
72
96
149
84
147
118
164
76

inserting at index  14
The list has 60 elements!
57
35
10
113
24
177
133
70
178
82
137
156
105
57
48
148
121
15
123
162
96
46
13
124
47
136
102
99
4
85
161
31
131
36
30
109
119
145
64
167
114
194
57
69
115
169
168
138
7
72
195
49
72
96
149
84
147
118
164
76

inserting at index  22
The list has 61 elements!
57
35
10
113
24
177
133
70
178
82
137
156
105
57
48
148
121
15
123
162
96
46
93
13
124
47
136
102
99
4
85
161
31
131
36
30
109
119
145
64
167
114
194
57
69
115
169
168
138
7
72
195
49
72
96
149
84
147
118
164
76

inserting at index  37
The list has 62 elements!
57
35
10
113
24
177
133
70
178
82
137
156
105
57
48
148
121
15
123
162
96
46
93
13
124
47
136
102
99
4
85
161
31
131
36
30
109
63
119
145
64
167
114
194
57
69
115
169
168
138
7
72
195
49
72
96
149
84
147
118
164
76

inserting at index  3
The list has 63 elements!
57
35
10
109
113
24
177
133
70
178
82
137
156
105
57
48
148
121
15
123
162
96
46
93
13
124
47
136
102
99
4
85
161
31
131
36
30
109
63
119
145
64
167
114
194
57
69
115
169
168
138
7
72
195
49
72
96
149
84
147
118
164
76

inserting at index  20
The list has 64 elements!
57
35
10
109
113
24
177
133
70
178
82
137
156
105
57
48
148
121
15
123
34
162
96
46
93
13
124
47
136
102
99
4
85
161
31
131
36
30
109
63
119
145
64
167
114
194
57
69
115
169
168
138
7
72
195
49
72
96
149
84
147
118
164
76

inserting at index  16
The list has 65 elements!
57
35
10
109
113
24
177
133
70
178
82
137
156
105
57
48
76
148
121
15
123
34
162
96
46
93
13
124
47
136
102
99
4
85
161
31
131
36
30
109
63
119
145
64
167
114
194
57
69
115
169
168
138
7
72
195
49
72
96
149
84
147
118
164
76

inserting at index  3
The list has 66 elements!
57
35
10
95
109
113
24
177
133
70
178
82
137
156
105
57
48
76
148
121
15
123
34
162
96
46
93
13
124
47
136
102
99
4
85
161
31
131
36
30
109
63
119
145
64
167
114
194
57
69
115
169
168
138
7
72
195
49
72
96
149
84
147
118
164
76

time is 3



inserting at end 
The list has 67 elements!
57
35
10
95
109
113
24
177
133
70
178
82
137
156
105
57
48
76
148
121
15
123
34
162
96
46
93
13
124
47
136
102
99
4
85
161
31
131
36
30
109
63
119
145
64
167
114
194
57
69
115
169
168
138
7
72
195
49
72
96
149
84
147
118
164
76
75

inserting at end 
The list has 68 elements!
57
35
10
95
109
113
24
177
133
70
178
82
137
156
105
57
48
76
148
121
15
123
34
162
96
46
93
13
124
47
136
102
99
4
85
161
31
131
36
30
109
63
119
145
64
167
114
194
57
69
115
169
168
138
7
72
195
49
72
96
149
84
147
118
164
76
75
109

inserting at end 
The list has 69 elements!
57
35
10
95
109
113
24
177
133
70
178
82
137
156
105
57
48
76
148
121
15
123
34
162
96
46
93
13
124
47
136
102
99
4
85
161
31
131
36
30
109
63
119
145
64
167
114
194
57
69
115
169
168
138
7
72
195
49
72
96
149
84
147
118
164
76
75
109
49

inserting at end 
The list has 70 elements!
57
35
10
95
109
113
24
177
133
70
178
82
137
156
105
57
48
76
148
121
15
123
34
162
96
46
93
13
124
47
136
102
99
4
85
161
31
131
36
30
109
63
119
145
64
167
114
194
57
69
115
169
168
138
7
72
195
49
72
96
149
84
147
118
164
76
75
109
49
49

inserting at end 
The list has 71 elements!
57
35
10
95
109
113
24
177
133
70
178
82
137
156
105
57
48
76
148
121
15
123
34
162
96
46
93
13
124
47
136
102
99
4
85
161
31
131
36
30
109
63
119
145
64
167
114
194
57
69
115
169
168
138
7
72
195
49
72
96
149
84
147
118
164
76
75
109
49
49
104

inserting at end 
The list has 72 elements!
57
35
10
95
109
113
24
177
133
70
178
82
137
156
105
57
48
76
148
121
15
123
34
162
96
46
93
13
124
47
136
102
99
4
85
161
31
131
36
30
109
63
119
145
64
167
114
194
57
69
115
169
168
138
7
72
195
49
72
96
149
84
147
118
164
76
75
109
49
49
104
199

inserting at end 
The list has 73 elements!
57
35
10
95
109
113
24
177
133
70
178
82
137
156
105
57
48
76
148
121
15
123
34
162
96
46
93
13
124
47
136
102
99
4
85
161
31
131
36
30
109
63
119
145
64
167
114
194
57
69
115
169
168
138
7
72
195
49
72
96
149
84
147
118
164
76
75
109
49
49
104
199
39

inserting at end 
The list has 74 elements!
57
35
10
95
109
113
24
177
133
70
178
82
137
156
105
57
48
76
148
121
15
123
34
162
96
46
93
13
124
47
136
102
99
4
85
161
31
131
36
30
109
63
119
145
64
167
114
194
57
69
115
169
168
138
7
72
195
49
72
96
149
84
147
118
164
76
75
109
49
49
104
199
39
168

inserting at end 
The list has 75 elements!
57
35
10
95
109
113
24
177
133
70
178
82
137
156
105
57
48
76
148
121
15
123
34
162
96
46
93
13
124
47
136
102
99
4
85
161
31
131
36
30
109
63
119
145
64
167
114
194
57
69
115
169
168
138
7
72
195
49
72
96
149
84
147
118
164
76
75
109
49
49
104
199
39
168
178

inserting at end 
The list has 76 elements!
57
35
10
95
109
113
24
177
133
70
178
82
137
156
105
57
48
76
148
121
15
123
34
162
96
46
93
13
124
47
136
102
99
4
85
161
31
131
36
30
109
63
119
145
64
167
114
194
57
69
115
169
168
138
7
72
195
49
72
96
149
84
147
118
164
76
75
109
49
49
104
199
39
168
178
5

inserting at end 
The list has 77 elements!
57
35
10
95
109
113
24
177
133
70
178
82
137
156
105
57
48
76
148
121
15
123
34
162
96
46
93
13
124
47
136
102
99
4
85
161
31
131
36
30
109
63
119
145
64
167
114
194
57
69
115
169
168
138
7
72
195
49
72
96
149
84
147
118
164
76
75
109
49
49
104
199
39
168
178
5
76

inserting at end 
The list has 78 elements!
57
35
10
95
109
113
24
177
133
70
178
82
137
156
105
57
48
76
148
121
15
123
34
162
96
46
93
13
124
47
136
102
99
4
85
161
31
131
36
30
109
63
119
145
64
167
114
194
57
69
115
169
168
138
7
72
195
49
72
96
149
84
147
118
164
76
75
109
49
49
104
199
39
168
178
5
76
24

inserting at end 
The list has 79 elements!
57
35
10
95
109
113
24
177
133
70
178
82
137
156
105
57
48
76
148
121
15
123
34
162
96
46
93
13
124
47
136
102
99
4
85
161
31
131
36
30
109
63
119
145
64
167
114
194
57
69
115
169
168
138
7
72
195
49
72
96
149
84
147
118
164
76
75
109
49
49
104
199
39
168
178
5
76
24
89

inserting at end 
The list has 80 elements!
57
35
10
95
109
113
24
177
133
70
178
82
137
156
105
57
48
76
148
121
15
123
34
162
96
46
93
13
124
47
136
102
99
4
85
161
31
131
36
30
109
63
119
145
64
167
114
194
57
69
115
169
168
138
7
72
195
49
72
96
149
84
147
118
164
76
75
109
49
49
104
199
39
168
178
5
76
24
89
143

inserting at end 
The list has 81 elements!
57
35
10
95
109
113
24
177
133
70
178
82
137
156
105
57
48
76
148
121
15
123
34
162
96
46
93
13
124
47
136
102
99
4
85
161
31
131
36
30
109
63
119
145
64
167
114
194
57
69
115
169
168
138
7
72
195
49
72
96
149
84
147
118
164
76
75
109
49
49
104
199
39
168
178
5
76
24
89
143
48

inserting at end 
The list has 82 elements!
57
35
10
95
109
113
24
177
133
70
178
82
137
156
105
57
48
76
148
121
15
123
34
162
96
46
93
13
124
47
136
102
99
4
85
161
31
131
36
30
109
63
119
145
64
167
114
194
57
69
115
169
168
138
7
72
195
49
72
96
149
84
147
118
164
76
75
109
49
49
104
199
39
168
178
5
76
24
89
143
48
98

inserting at end 
The list has 83 elements!
57
35
10
95
109
113
24
177
133
70
178
82
137
156
105
57
48
76
148
121
15
123
34
162
96
46
93
13
124
47
136
102
99
4
85
161
31
131
36
30
109
63
119
145
64
167
114
194
57
69
115
169
168
138
7
72
195
49
72
96
149
84
147
118
164
76
75
109
49
49
104
199
39
168
178
5
76
24
89
143
48
98
133

inserting at end 
The list has 84 elements!
57
35
10
95
109
113
24
177
133
70
178
82
137
156
105
57
48
76
148
121
15
123
34
162
96
46
93
13
124
47
136
102
99
4
85
161
31
131
36
30
109
63
119
145
64
167
114
194
57
69
115
169
168
138
7
72
195
49
72
96
149
84
147
118
164
76
75
109
49
49
104
199
39
168
178
5
76
24
89
143
48
98
133
113

inserting at end 
The list has 85 elements!
57
35
10
95
109
113
24
177
133
70
178
82
137
156
105
57
48
76
148
121
15
123
34
162
96
46
93
13
124
47
136
102
99
4
85
161
31
131
36
30
109
63
119
145
64
167
114
194
57
69
115
169
168
138
7
72
195
49
72
96
149
84
147
118
164
76
75
109
49
49
104
199
39
168
178
5
76
24
89
143
48
98
133
113
51

inserting at end 
The list has 86 elements!
57
35
10
95
109
113
24
177
133
70
178
82
137
156
105
57
48
76
148
121
15
123
34
162
96
46
93
13
124
47
136
102
99
4
85
161
31
131
36
30
109
63
119
145
64
167
114
194
57
69
115
169
168
138
7
72
195
49
72
96
149
84
147
118
164
76
75
109
49
49
104
199
39
168
178
5
76
24
89
143
48
98
133
113
51
152

inserting at end 
The list has 87 elements!
57
35
10
95
109
113
24
177
133
70
178
82
137
156
105
57
48
76
148
121
15
123
34
162
96
46
93
13
124
47
136
102
99
4
85
161
31
131
36
30
109
63
119
145
64
167
114
194
57
69
115
169
168
138
7
72
195
49
72
96
149
84
147
118
164
76
75
109
49
49
104
199
39
168
178
5
76
24
89
143
48
98
133
113
51
152
85

inserting at end 
The list has 88 elements!
57
35
10
95
109
113
24
177
133
70
178
82
137
156
105
57
48
76
148
121
15
123
34
162
96
46
93
13
124
47
136
102
99
4
85
161
31
131
36
30
109
63
119
145
64
167
114
194
57
69
115
169
168
138
7
72
195
49
72
96
149
84
147
118
164
76
75
109
49
49
104
199
39
168
178
5
76
24
89
143
48
98
133
113
51
152
85
44

inserting at end 
The list has 89 elements!
57
35
10
95
109
113
24
177
133
70
178
82
137
156
105
57
48
76
148
121
15
123
34
162
96
46
93
13
124
47
136
102
99
4
85
161
31
131
36
30
109
63
119
145
64
167
114
194
57
69
115
169
168
138
7
72
195
49
72
96
149
84
147
118
164
76
75
109
49
49
104
199
39
168
178
5
76
24
89
143
48
98
133
113
51
152
85
44
48

inserting at end 
The list has 90 elements!
57
35
10
95
109
113
24
177
133
70
178
82
137
156
105
57
48
76
148
121
15
123
34
162
96
46
93
13
124
47
136
102
99
4
85
161
31
131
36
30
109
63
119
145
64
167
114
194
57
69
115
169
168
138
7
72
195
49
72
96
149
84
147
118
164
76
75
109
49
49
104
199
39
168
178
5
76
24
89
143
48
98
133
113
51
152
85
44
48
187

inserting at end 
The list has 91 elements!
57
35
10
95
109
113
24
177
133
70
178
82
137
156
105
57
48
76
148
121
15
123
34
162
96
46
93
13
124
47
136
102
99
4
85
161
31
131
36
30
109
63
119
145
64
167
114
194
57
69
115
169
168
138
7
72
195
49
72
96
149
84
147
118
164
76
75
109
49
49
104
199
39
168
178
5
76
24
89
143
48
98
133
113
51
152
85
44
48
187
56

inserting at end 
The list has 92 elements!
57
35
10
95
109
113
24
177
133
70
178
82
137
156
105
57
48
76
148
121
15
123
34
162
96
46
93
13
124
47
136
102
99
4
85
161
31
131
36
30
109
63
119
145
64
167
114
194
57
69
115
169
168
138
7
72
195
49
72
96
149
84
147
118
164
76
75
109
49
49
104
199
39
168
178
5
76
24
89
143
48
98
133
113
51
152
85
44
48
187
56
160

inserting at end 
The list has 93 elements!
57
35
10
95
109
113
24
177
133
70
178
82
137
156
105
57
48
76
148
121
15
123
34
162
96
46
93
13
124
47
136
102
99
4
85
161
31
131
36
30
109
63
119
145
64
167
114
194
57
69
115
169
168
138
7
72
195
49
72
96
149
84
147
118
164
76
75
109
49
49
104
199
39
168
178
5
76
24
89
143
48
98
133
113
51
152
85
44
48
187
56
160
86

inserting at end 
The list has 94 elements!
57
35
10
95
109
113
24
177
133
70
178
82
137
156
105
57
48
76
148
121
15
123
34
162
96
46
93
13
124
47
136
102
99
4
85
161
31
131
36
30
109
63
119
145
64
167
114
194
57
69
115
169
168
138
7
72
195
49
72
96
149
84
147
118
164
76
75
109
49
49
104
199
39
168
178
5
76
24
89
143
48
98
133
113
51
152
85
44
48
187
56
160
86
58

inserting at end 
The list has 95 elements!
57
35
10
95
109
113
24
177
133
70
178
82
137
156
105
57
48
76
148
121
15
123
34
162
96
46
93
13
124
47
136
102
99
4
85
161
31
131
36
30
109
63
119
145
64
167
114
194
57
69
115
169
168
138
7
72
195
49
72
96
149
84
147
118
164
76
75
109
49
49
104
199
39
168
178
5
76
24
89
143
48
98
133
113
51
152
85
44
48
187
56
160
86
58
50

inserting at end 
The list has 96 elements!
57
35
10
95
109
113
24
177
133
70
178
82
137
156
105
57
48
76
148
121
15
123
34
162
96
46
93
13
124
47
136
102
99
4
85
161
31
131
36
30
109
63
119
145
64
167
114
194
57
69
115
169
168
138
7
72
195
49
72
96
149
84
147
118
164
76
75
109
49
49
104
199
39
168
178
5
76
24
89
143
48
98
133
113
51
152
85
44
48
187
56
160
86
58
50
144

inserting at end 
The list has 97 elements!
57
35
10
95
109
113
24
177
133
70
178
82
137
156
105
57
48
76
148
121
15
123
34
162
96
46
93
13
124
47
136
102
99
4
85
161
31
131
36
30
109
63
119
145
64
167
114
194
57
69
115
169
168
138
7
72
195
49
72
96
149
84
147
118
164
76
75
109
49
49
104
199
39
168
178
5
76
24
89
143
48
98
133
113
51
152
85
44
48
187
56
160
86
58
50
144
75

inserting at end 
The list has 98 elements!
57
35
10
95
109
113
24
177
133
70
178
82
137
156
105
57
48
76
148
121
15
123
34
162
96
46
93
13
124
47
136
102
99
4
85
161
31
131
36
30
109
63
119
145
64
167
114
194
57
69
115
169
168
138
7
72
195
49
72
96
149
84
147
118
164
76
75
109
49
49
104
199
39
168
178
5
76
24
89
143
48
98
133
113
51
152
85
44
48
187
56
160
86
58
50
144
75
91

inserting at end 
The list has 99 elements!
57
35
10
95
109
113
24
177
133
70
178
82
137
156
105
57
48
76
148
121
15
123
34
162
96
46
93
13
124
47
136
102
99
4
85
161
31
131
36
30
109
63
119
145
64
167
114
194
57
69
115
169
168
138
7
72
195
49
72
96
149
84
147
118
164
76
75
109
49
49
104
199
39
168
178
5
76
24
89
143
48
98
133
113
51
152
85
44
48
187
56
160
86
58
50
144
75
91
30

inserting at end 
The list has 100 elements!
57
35
10
95
109
113
24
177
133
70
178
82
137
156
105
57
48
76
148
121
15
123
34
162
96
46
93
13
124
47
136
102
99
4
85
161
31
131
36
30
109
63
119
145
64
167
114
194
57
69
115
169
168
138
7
72
195
49
72
96
149
84
147
118
164
76
75
109
49
49
104
199
39
168
178
5
76
24
89
143
48
98
133
113
51
152
85
44
48
187
56
160
86
58
50
144
75
91
30
68

time is 2


<<<<<<<<<<<<<<< USING LinkedLIST>>>>>>>>>>>>>>


inserting at start
[135]
inserting at start
[48, 135]
inserting at start
[16, 48, 135]
inserting at start
[147, 16, 48, 135]
inserting at start
[39, 147, 16, 48, 135]
inserting at start
[55, 39, 147, 16, 48, 135]
inserting at start
[180, 55, 39, 147, 16, 48, 135]
inserting at start
[119, 180, 55, 39, 147, 16, 48, 135]
inserting at start
[19, 119, 180, 55, 39, 147, 16, 48, 135]
inserting at start
[26, 19, 119, 180, 55, 39, 147, 16, 48, 135]
inserting at start
[79, 26, 19, 119, 180, 55, 39, 147, 16, 48, 135]
inserting at start
[7, 79, 26, 19, 119, 180, 55, 39, 147, 16, 48, 135]
inserting at start
[4, 7, 79, 26, 19, 119, 180, 55, 39, 147, 16, 48, 135]
inserting at start
[17, 4, 7, 79, 26, 19, 119, 180, 55, 39, 147, 16, 48, 135]
inserting at start
[196, 17, 4, 7, 79, 26, 19, 119, 180, 55, 39, 147, 16, 48, 135]
inserting at start
[135, 196, 17, 4, 7, 79, 26, 19, 119, 180, 55, 39, 147, 16, 48, 135]
inserting at start
[47, 135, 196, 17, 4, 7, 79, 26, 19, 119, 180, 55, 39, 147, 16, 48, 135]
inserting at start
[121, 47, 135, 196, 17, 4, 7, 79, 26, 19, 119, 180, 55, 39, 147, 16, 48, 135]
inserting at start
[20, 121, 47, 135, 196, 17, 4, 7, 79, 26, 19, 119, 180, 55, 39, 147, 16, 48, 135]
inserting at start
[74, 20, 121, 47, 135, 196, 17, 4, 7, 79, 26, 19, 119, 180, 55, 39, 147, 16, 48, 135]
inserting at start
[183, 74, 20, 121, 47, 135, 196, 17, 4, 7, 79, 26, 19, 119, 180, 55, 39, 147, 16, 48, 135]
inserting at start
[106, 183, 74, 20, 121, 47, 135, 196, 17, 4, 7, 79, 26, 19, 119, 180, 55, 39, 147, 16, 48, 135]
inserting at start
[70, 106, 183, 74, 20, 121, 47, 135, 196, 17, 4, 7, 79, 26, 19, 119, 180, 55, 39, 147, 16, 48, 135]
inserting at start
[175, 70, 106, 183, 74, 20, 121, 47, 135, 196, 17, 4, 7, 79, 26, 19, 119, 180, 55, 39, 147, 16, 48, 135]
inserting at start
[158, 175, 70, 106, 183, 74, 20, 121, 47, 135, 196, 17, 4, 7, 79, 26, 19, 119, 180, 55, 39, 147, 16, 48, 135]
inserting at start
[123, 158, 175, 70, 106, 183, 74, 20, 121, 47, 135, 196, 17, 4, 7, 79, 26, 19, 119, 180, 55, 39, 147, 16, 48, 135]
inserting at start
[29, 123, 158, 175, 70, 106, 183, 74, 20, 121, 47, 135, 196, 17, 4, 7, 79, 26, 19, 119, 180, 55, 39, 147, 16, 48, 135]
inserting at start
[79, 29, 123, 158, 175, 70, 106, 183, 74, 20, 121, 47, 135, 196, 17, 4, 7, 79, 26, 19, 119, 180, 55, 39, 147, 16, 48, 135]
inserting at start
[15, 79, 29, 123, 158, 175, 70, 106, 183, 74, 20, 121, 47, 135, 196, 17, 4, 7, 79, 26, 19, 119, 180, 55, 39, 147, 16, 48, 135]
inserting at start
[68, 15, 79, 29, 123, 158, 175, 70, 106, 183, 74, 20, 121, 47, 135, 196, 17, 4, 7, 79, 26, 19, 119, 180, 55, 39, 147, 16, 48, 135]
inserting at start
[90, 68, 15, 79, 29, 123, 158, 175, 70, 106, 183, 74, 20, 121, 47, 135, 196, 17, 4, 7, 79, 26, 19, 119, 180, 55, 39, 147, 16, 48, 135]
inserting at start
[87, 90, 68, 15, 79, 29, 123, 158, 175, 70, 106, 183, 74, 20, 121, 47, 135, 196, 17, 4, 7, 79, 26, 19, 119, 180, 55, 39, 147, 16, 48, 135]
inserting at start
[5, 87, 90, 68, 15, 79, 29, 123, 158, 175, 70, 106, 183, 74, 20, 121, 47, 135, 196, 17, 4, 7, 79, 26, 19, 119, 180, 55, 39, 147, 16, 48, 135]
time is 2



inserting at index  21
[5, 87, 90, 68, 15, 79, 29, 123, 158, 175, 70, 106, 183, 74, 20, 121, 47, 135, 196, 17, 4, 159, 7, 79, 26, 19, 119, 180, 55, 39, 147, 16, 48, 135]
inserting at index  17
[5, 87, 90, 68, 15, 79, 29, 123, 158, 175, 70, 106, 183, 74, 20, 121, 47, 171, 135, 196, 17, 4, 159, 7, 79, 26, 19, 119, 180, 55, 39, 147, 16, 48, 135]
inserting at index  34
[5, 87, 90, 68, 15, 79, 29, 123, 158, 175, 70, 106, 183, 74, 20, 121, 47, 171, 135, 196, 17, 4, 159, 7, 79, 26, 19, 119, 180, 55, 39, 147, 16, 48, 124, 135]
inserting at index  11
[5, 87, 90, 68, 15, 79, 29, 123, 158, 175, 70, 71, 106, 183, 74, 20, 121, 47, 171, 135, 196, 17, 4, 159, 7, 79, 26, 19, 119, 180, 55, 39, 147, 16, 48, 124, 135]
inserting at index  2
[5, 87, 149, 90, 68, 15, 79, 29, 123, 158, 175, 70, 71, 106, 183, 74, 20, 121, 47, 171, 135, 196, 17, 4, 159, 7, 79, 26, 19, 119, 180, 55, 39, 147, 16, 48, 124, 135]
inserting at index  10
[5, 87, 149, 90, 68, 15, 79, 29, 123, 158, 36, 175, 70, 71, 106, 183, 74, 20, 121, 47, 171, 135, 196, 17, 4, 159, 7, 79, 26, 19, 119, 180, 55, 39, 147, 16, 48, 124, 135]
inserting at index  5
[5, 87, 149, 90, 68, 33, 15, 79, 29, 123, 158, 36, 175, 70, 71, 106, 183, 74, 20, 121, 47, 171, 135, 196, 17, 4, 159, 7, 79, 26, 19, 119, 180, 55, 39, 147, 16, 48, 124, 135]
inserting at index  19
[5, 87, 149, 90, 68, 33, 15, 79, 29, 123, 158, 36, 175, 70, 71, 106, 183, 74, 20, 37, 121, 47, 171, 135, 196, 17, 4, 159, 7, 79, 26, 19, 119, 180, 55, 39, 147, 16, 48, 124, 135]
inserting at index  13
[5, 87, 149, 90, 68, 33, 15, 79, 29, 123, 158, 36, 175, 145, 70, 71, 106, 183, 74, 20, 37, 121, 47, 171, 135, 196, 17, 4, 159, 7, 79, 26, 19, 119, 180, 55, 39, 147, 16, 48, 124, 135]
inserting at index  21
[5, 87, 149, 90, 68, 33, 15, 79, 29, 123, 158, 36, 175, 145, 70, 71, 106, 183, 74, 20, 37, 199, 121, 47, 171, 135, 196, 17, 4, 159, 7, 79, 26, 19, 119, 180, 55, 39, 147, 16, 48, 124, 135]
inserting at index  22
[5, 87, 149, 90, 68, 33, 15, 79, 29, 123, 158, 36, 175, 145, 70, 71, 106, 183, 74, 20, 37, 199, 60, 121, 47, 171, 135, 196, 17, 4, 159, 7, 79, 26, 19, 119, 180, 55, 39, 147, 16, 48, 124, 135]
inserting at index  11
[5, 87, 149, 90, 68, 33, 15, 79, 29, 123, 158, 102, 36, 175, 145, 70, 71, 106, 183, 74, 20, 37, 199, 60, 121, 47, 171, 135, 196, 17, 4, 159, 7, 79, 26, 19, 119, 180, 55, 39, 147, 16, 48, 124, 135]
inserting at index  32
[5, 87, 149, 90, 68, 33, 15, 79, 29, 123, 158, 102, 36, 175, 145, 70, 71, 106, 183, 74, 20, 37, 199, 60, 121, 47, 171, 135, 196, 17, 4, 159, 150, 7, 79, 26, 19, 119, 180, 55, 39, 147, 16, 48, 124, 135]
inserting at index  19
[5, 87, 149, 90, 68, 33, 15, 79, 29, 123, 158, 102, 36, 175, 145, 70, 71, 106, 183, 114, 74, 20, 37, 199, 60, 121, 47, 171, 135, 196, 17, 4, 159, 150, 7, 79, 26, 19, 119, 180, 55, 39, 147, 16, 48, 124, 135]
inserting at index  3
[5, 87, 149, 90, 90, 68, 33, 15, 79, 29, 123, 158, 102, 36, 175, 145, 70, 71, 106, 183, 114, 74, 20, 37, 199, 60, 121, 47, 171, 135, 196, 17, 4, 159, 150, 7, 79, 26, 19, 119, 180, 55, 39, 147, 16, 48, 124, 135]
inserting at index  31
[5, 87, 149, 90, 90, 68, 33, 15, 79, 29, 123, 158, 102, 36, 175, 145, 70, 71, 106, 183, 114, 74, 20, 37, 199, 60, 121, 47, 171, 135, 196, 41, 17, 4, 159, 150, 7, 79, 26, 19, 119, 180, 55, 39, 147, 16, 48, 124, 135]
inserting at index  25
[5, 87, 149, 90, 90, 68, 33, 15, 79, 29, 123, 158, 102, 36, 175, 145, 70, 71, 106, 183, 114, 74, 20, 37, 199, 34, 60, 121, 47, 171, 135, 196, 41, 17, 4, 159, 150, 7, 79, 26, 19, 119, 180, 55, 39, 147, 16, 48, 124, 135]
inserting at index  31
[5, 87, 149, 90, 90, 68, 33, 15, 79, 29, 123, 158, 102, 36, 175, 145, 70, 71, 106, 183, 114, 74, 20, 37, 199, 34, 60, 121, 47, 171, 135, 100, 196, 41, 17, 4, 159, 150, 7, 79, 26, 19, 119, 180, 55, 39, 147, 16, 48, 124, 135]
inserting at index  12
[5, 87, 149, 90, 90, 68, 33, 15, 79, 29, 123, 158, 132, 102, 36, 175, 145, 70, 71, 106, 183, 114, 74, 20, 37, 199, 34, 60, 121, 47, 171, 135, 100, 196, 41, 17, 4, 159, 150, 7, 79, 26, 19, 119, 180, 55, 39, 147, 16, 48, 124, 135]
inserting at index  11
[5, 87, 149, 90, 90, 68, 33, 15, 79, 29, 123, 173, 158, 132, 102, 36, 175, 145, 70, 71, 106, 183, 114, 74, 20, 37, 199, 34, 60, 121, 47, 171, 135, 100, 196, 41, 17, 4, 159, 150, 7, 79, 26, 19, 119, 180, 55, 39, 147, 16, 48, 124, 135]
inserting at index  9
[5, 87, 149, 90, 90, 68, 33, 15, 79, 57, 29, 123, 173, 158, 132, 102, 36, 175, 145, 70, 71, 106, 183, 114, 74, 20, 37, 199, 34, 60, 121, 47, 171, 135, 100, 196, 41, 17, 4, 159, 150, 7, 79, 26, 19, 119, 180, 55, 39, 147, 16, 48, 124, 135]
inserting at index  18
[5, 87, 149, 90, 90, 68, 33, 15, 79, 57, 29, 123, 173, 158, 132, 102, 36, 175, 9, 145, 70, 71, 106, 183, 114, 74, 20, 37, 199, 34, 60, 121, 47, 171, 135, 100, 196, 41, 17, 4, 159, 150, 7, 79, 26, 19, 119, 180, 55, 39, 147, 16, 48, 124, 135]
inserting at index  13
[5, 87, 149, 90, 90, 68, 33, 15, 79, 57, 29, 123, 173, 140, 158, 132, 102, 36, 175, 9, 145, 70, 71, 106, 183, 114, 74, 20, 37, 199, 34, 60, 121, 47, 171, 135, 100, 196, 41, 17, 4, 159, 150, 7, 79, 26, 19, 119, 180, 55, 39, 147, 16, 48, 124, 135]
inserting at index  16
[5, 87, 149, 90, 90, 68, 33, 15, 79, 57, 29, 123, 173, 140, 158, 132, 12, 102, 36, 175, 9, 145, 70, 71, 106, 183, 114, 74, 20, 37, 199, 34, 60, 121, 47, 171, 135, 100, 196, 41, 17, 4, 159, 150, 7, 79, 26, 19, 119, 180, 55, 39, 147, 16, 48, 124, 135]
inserting at index  33
[5, 87, 149, 90, 90, 68, 33, 15, 79, 57, 29, 123, 173, 140, 158, 132, 12, 102, 36, 175, 9, 145, 70, 71, 106, 183, 114, 74, 20, 37, 199, 34, 60, 126, 121, 47, 171, 135, 100, 196, 41, 17, 4, 159, 150, 7, 79, 26, 19, 119, 180, 55, 39, 147, 16, 48, 124, 135]
inserting at index  30
[5, 87, 149, 90, 90, 68, 33, 15, 79, 57, 29, 123, 173, 140, 158, 132, 12, 102, 36, 175, 9, 145, 70, 71, 106, 183, 114, 74, 20, 37, 196, 199, 34, 60, 126, 121, 47, 171, 135, 100, 196, 41, 17, 4, 159, 150, 7, 79, 26, 19, 119, 180, 55, 39, 147, 16, 48, 124, 135]
inserting at index  36
[5, 87, 149, 90, 90, 68, 33, 15, 79, 57, 29, 123, 173, 140, 158, 132, 12, 102, 36, 175, 9, 145, 70, 71, 106, 183, 114, 74, 20, 37, 196, 199, 34, 60, 126, 121, 104, 47, 171, 135, 100, 196, 41, 17, 4, 159, 150, 7, 79, 26, 19, 119, 180, 55, 39, 147, 16, 48, 124, 135]
inserting at index  27
[5, 87, 149, 90, 90, 68, 33, 15, 79, 57, 29, 123, 173, 140, 158, 132, 12, 102, 36, 175, 9, 145, 70, 71, 106, 183, 114, 43, 74, 20, 37, 196, 199, 34, 60, 126, 121, 104, 47, 171, 135, 100, 196, 41, 17, 4, 159, 150, 7, 79, 26, 19, 119, 180, 55, 39, 147, 16, 48, 124, 135]
inserting at index  33
[5, 87, 149, 90, 90, 68, 33, 15, 79, 57, 29, 123, 173, 140, 158, 132, 12, 102, 36, 175, 9, 145, 70, 71, 106, 183, 114, 43, 74, 20, 37, 196, 199, 179, 34, 60, 126, 121, 104, 47, 171, 135, 100, 196, 41, 17, 4, 159, 150, 7, 79, 26, 19, 119, 180, 55, 39, 147, 16, 48, 124, 135]
inserting at index  6
[5, 87, 149, 90, 90, 68, 169, 33, 15, 79, 57, 29, 123, 173, 140, 158, 132, 12, 102, 36, 175, 9, 145, 70, 71, 106, 183, 114, 43, 74, 20, 37, 196, 199, 179, 34, 60, 126, 121, 104, 47, 171, 135, 100, 196, 41, 17, 4, 159, 150, 7, 79, 26, 19, 119, 180, 55, 39, 147, 16, 48, 124, 135]
inserting at index  6
[5, 87, 149, 90, 90, 68, 33, 169, 33, 15, 79, 57, 29, 123, 173, 140, 158, 132, 12, 102, 36, 175, 9, 145, 70, 71, 106, 183, 114, 43, 74, 20, 37, 196, 199, 179, 34, 60, 126, 121, 104, 47, 171, 135, 100, 196, 41, 17, 4, 159, 150, 7, 79, 26, 19, 119, 180, 55, 39, 147, 16, 48, 124, 135]
inserting at index  12
[5, 87, 149, 90, 90, 68, 33, 169, 33, 15, 79, 57, 68, 29, 123, 173, 140, 158, 132, 12, 102, 36, 175, 9, 145, 70, 71, 106, 183, 114, 43, 74, 20, 37, 196, 199, 179, 34, 60, 126, 121, 104, 47, 171, 135, 100, 196, 41, 17, 4, 159, 150, 7, 79, 26, 19, 119, 180, 55, 39, 147, 16, 48, 124, 135]
inserting at index  8
[5, 87, 149, 90, 90, 68, 33, 169, 126, 33, 15, 79, 57, 68, 29, 123, 173, 140, 158, 132, 12, 102, 36, 175, 9, 145, 70, 71, 106, 183, 114, 43, 74, 20, 37, 196, 199, 179, 34, 60, 126, 121, 104, 47, 171, 135, 100, 196, 41, 17, 4, 159, 150, 7, 79, 26, 19, 119, 180, 55, 39, 147, 16, 48, 124, 135]
time is 4



inserting at end 
[5, 87, 149, 90, 90, 68, 33, 169, 126, 33, 15, 79, 57, 68, 29, 123, 173, 140, 158, 132, 12, 102, 36, 175, 9, 145, 70, 71, 106, 183, 114, 43, 74, 20, 37, 196, 199, 179, 34, 60, 126, 121, 104, 47, 171, 135, 100, 196, 41, 17, 4, 159, 150, 7, 79, 26, 19, 119, 180, 55, 39, 147, 16, 48, 124, 135, 191]
inserting at end 
[5, 87, 149, 90, 90, 68, 33, 169, 126, 33, 15, 79, 57, 68, 29, 123, 173, 140, 158, 132, 12, 102, 36, 175, 9, 145, 70, 71, 106, 183, 114, 43, 74, 20, 37, 196, 199, 179, 34, 60, 126, 121, 104, 47, 171, 135, 100, 196, 41, 17, 4, 159, 150, 7, 79, 26, 19, 119, 180, 55, 39, 147, 16, 48, 124, 135, 191, 64]
inserting at end 
[5, 87, 149, 90, 90, 68, 33, 169, 126, 33, 15, 79, 57, 68, 29, 123, 173, 140, 158, 132, 12, 102, 36, 175, 9, 145, 70, 71, 106, 183, 114, 43, 74, 20, 37, 196, 199, 179, 34, 60, 126, 121, 104, 47, 171, 135, 100, 196, 41, 17, 4, 159, 150, 7, 79, 26, 19, 119, 180, 55, 39, 147, 16, 48, 124, 135, 191, 64, 83]
inserting at end 
[5, 87, 149, 90, 90, 68, 33, 169, 126, 33, 15, 79, 57, 68, 29, 123, 173, 140, 158, 132, 12, 102, 36, 175, 9, 145, 70, 71, 106, 183, 114, 43, 74, 20, 37, 196, 199, 179, 34, 60, 126, 121, 104, 47, 171, 135, 100, 196, 41, 17, 4, 159, 150, 7, 79, 26, 19, 119, 180, 55, 39, 147, 16, 48, 124, 135, 191, 64, 83, 121]
inserting at end 
[5, 87, 149, 90, 90, 68, 33, 169, 126, 33, 15, 79, 57, 68, 29, 123, 173, 140, 158, 132, 12, 102, 36, 175, 9, 145, 70, 71, 106, 183, 114, 43, 74, 20, 37, 196, 199, 179, 34, 60, 126, 121, 104, 47, 171, 135, 100, 196, 41, 17, 4, 159, 150, 7, 79, 26, 19, 119, 180, 55, 39, 147, 16, 48, 124, 135, 191, 64, 83, 121, 185]
inserting at end 
[5, 87, 149, 90, 90, 68, 33, 169, 126, 33, 15, 79, 57, 68, 29, 123, 173, 140, 158, 132, 12, 102, 36, 175, 9, 145, 70, 71, 106, 183, 114, 43, 74, 20, 37, 196, 199, 179, 34, 60, 126, 121, 104, 47, 171, 135, 100, 196, 41, 17, 4, 159, 150, 7, 79, 26, 19, 119, 180, 55, 39, 147, 16, 48, 124, 135, 191, 64, 83, 121, 185, 93]
inserting at end 
[5, 87, 149, 90, 90, 68, 33, 169, 126, 33, 15, 79, 57, 68, 29, 123, 173, 140, 158, 132, 12, 102, 36, 175, 9, 145, 70, 71, 106, 183, 114, 43, 74, 20, 37, 196, 199, 179, 34, 60, 126, 121, 104, 47, 171, 135, 100, 196, 41, 17, 4, 159, 150, 7, 79, 26, 19, 119, 180, 55, 39, 147, 16, 48, 124, 135, 191, 64, 83, 121, 185, 93, 46]
inserting at end 
[5, 87, 149, 90, 90, 68, 33, 169, 126, 33, 15, 79, 57, 68, 29, 123, 173, 140, 158, 132, 12, 102, 36, 175, 9, 145, 70, 71, 106, 183, 114, 43, 74, 20, 37, 196, 199, 179, 34, 60, 126, 121, 104, 47, 171, 135, 100, 196, 41, 17, 4, 159, 150, 7, 79, 26, 19, 119, 180, 55, 39, 147, 16, 48, 124, 135, 191, 64, 83, 121, 185, 93, 46, 19]
inserting at end 
[5, 87, 149, 90, 90, 68, 33, 169, 126, 33, 15, 79, 57, 68, 29, 123, 173, 140, 158, 132, 12, 102, 36, 175, 9, 145, 70, 71, 106, 183, 114, 43, 74, 20, 37, 196, 199, 179, 34, 60, 126, 121, 104, 47, 171, 135, 100, 196, 41, 17, 4, 159, 150, 7, 79, 26, 19, 119, 180, 55, 39, 147, 16, 48, 124, 135, 191, 64, 83, 121, 185, 93, 46, 19, 123]
inserting at end 
[5, 87, 149, 90, 90, 68, 33, 169, 126, 33, 15, 79, 57, 68, 29, 123, 173, 140, 158, 132, 12, 102, 36, 175, 9, 145, 70, 71, 106, 183, 114, 43, 74, 20, 37, 196, 199, 179, 34, 60, 126, 121, 104, 47, 171, 135, 100, 196, 41, 17, 4, 159, 150, 7, 79, 26, 19, 119, 180, 55, 39, 147, 16, 48, 124, 135, 191, 64, 83, 121, 185, 93, 46, 19, 123, 3]
inserting at end 
[5, 87, 149, 90, 90, 68, 33, 169, 126, 33, 15, 79, 57, 68, 29, 123, 173, 140, 158, 132, 12, 102, 36, 175, 9, 145, 70, 71, 106, 183, 114, 43, 74, 20, 37, 196, 199, 179, 34, 60, 126, 121, 104, 47, 171, 135, 100, 196, 41, 17, 4, 159, 150, 7, 79, 26, 19, 119, 180, 55, 39, 147, 16, 48, 124, 135, 191, 64, 83, 121, 185, 93, 46, 19, 123, 3, 154]
inserting at end 
[5, 87, 149, 90, 90, 68, 33, 169, 126, 33, 15, 79, 57, 68, 29, 123, 173, 140, 158, 132, 12, 102, 36, 175, 9, 145, 70, 71, 106, 183, 114, 43, 74, 20, 37, 196, 199, 179, 34, 60, 126, 121, 104, 47, 171, 135, 100, 196, 41, 17, 4, 159, 150, 7, 79, 26, 19, 119, 180, 55, 39, 147, 16, 48, 124, 135, 191, 64, 83, 121, 185, 93, 46, 19, 123, 3, 154, 145]
inserting at end 
[5, 87, 149, 90, 90, 68, 33, 169, 126, 33, 15, 79, 57, 68, 29, 123, 173, 140, 158, 132, 12, 102, 36, 175, 9, 145, 70, 71, 106, 183, 114, 43, 74, 20, 37, 196, 199, 179, 34, 60, 126, 121, 104, 47, 171, 135, 100, 196, 41, 17, 4, 159, 150, 7, 79, 26, 19, 119, 180, 55, 39, 147, 16, 48, 124, 135, 191, 64, 83, 121, 185, 93, 46, 19, 123, 3, 154, 145, 134]
inserting at end 
[5, 87, 149, 90, 90, 68, 33, 169, 126, 33, 15, 79, 57, 68, 29, 123, 173, 140, 158, 132, 12, 102, 36, 175, 9, 145, 70, 71, 106, 183, 114, 43, 74, 20, 37, 196, 199, 179, 34, 60, 126, 121, 104, 47, 171, 135, 100, 196, 41, 17, 4, 159, 150, 7, 79, 26, 19, 119, 180, 55, 39, 147, 16, 48, 124, 135, 191, 64, 83, 121, 185, 93, 46, 19, 123, 3, 154, 145, 134, 196]
inserting at end 
[5, 87, 149, 90, 90, 68, 33, 169, 126, 33, 15, 79, 57, 68, 29, 123, 173, 140, 158, 132, 12, 102, 36, 175, 9, 145, 70, 71, 106, 183, 114, 43, 74, 20, 37, 196, 199, 179, 34, 60, 126, 121, 104, 47, 171, 135, 100, 196, 41, 17, 4, 159, 150, 7, 79, 26, 19, 119, 180, 55, 39, 147, 16, 48, 124, 135, 191, 64, 83, 121, 185, 93, 46, 19, 123, 3, 154, 145, 134, 196, 176]
inserting at end 
[5, 87, 149, 90, 90, 68, 33, 169, 126, 33, 15, 79, 57, 68, 29, 123, 173, 140, 158, 132, 12, 102, 36, 175, 9, 145, 70, 71, 106, 183, 114, 43, 74, 20, 37, 196, 199, 179, 34, 60, 126, 121, 104, 47, 171, 135, 100, 196, 41, 17, 4, 159, 150, 7, 79, 26, 19, 119, 180, 55, 39, 147, 16, 48, 124, 135, 191, 64, 83, 121, 185, 93, 46, 19, 123, 3, 154, 145, 134, 196, 176, 135]
inserting at end 
[5, 87, 149, 90, 90, 68, 33, 169, 126, 33, 15, 79, 57, 68, 29, 123, 173, 140, 158, 132, 12, 102, 36, 175, 9, 145, 70, 71, 106, 183, 114, 43, 74, 20, 37, 196, 199, 179, 34, 60, 126, 121, 104, 47, 171, 135, 100, 196, 41, 17, 4, 159, 150, 7, 79, 26, 19, 119, 180, 55, 39, 147, 16, 48, 124, 135, 191, 64, 83, 121, 185, 93, 46, 19, 123, 3, 154, 145, 134, 196, 176, 135, 62]
inserting at end 
[5, 87, 149, 90, 90, 68, 33, 169, 126, 33, 15, 79, 57, 68, 29, 123, 173, 140, 158, 132, 12, 102, 36, 175, 9, 145, 70, 71, 106, 183, 114, 43, 74, 20, 37, 196, 199, 179, 34, 60, 126, 121, 104, 47, 171, 135, 100, 196, 41, 17, 4, 159, 150, 7, 79, 26, 19, 119, 180, 55, 39, 147, 16, 48, 124, 135, 191, 64, 83, 121, 185, 93, 46, 19, 123, 3, 154, 145, 134, 196, 176, 135, 62, 148]
inserting at end 
[5, 87, 149, 90, 90, 68, 33, 169, 126, 33, 15, 79, 57, 68, 29, 123, 173, 140, 158, 132, 12, 102, 36, 175, 9, 145, 70, 71, 106, 183, 114, 43, 74, 20, 37, 196, 199, 179, 34, 60, 126, 121, 104, 47, 171, 135, 100, 196, 41, 17, 4, 159, 150, 7, 79, 26, 19, 119, 180, 55, 39, 147, 16, 48, 124, 135, 191, 64, 83, 121, 185, 93, 46, 19, 123, 3, 154, 145, 134, 196, 176, 135, 62, 148, 114]
inserting at end 
[5, 87, 149, 90, 90, 68, 33, 169, 126, 33, 15, 79, 57, 68, 29, 123, 173, 140, 158, 132, 12, 102, 36, 175, 9, 145, 70, 71, 106, 183, 114, 43, 74, 20, 37, 196, 199, 179, 34, 60, 126, 121, 104, 47, 171, 135, 100, 196, 41, 17, 4, 159, 150, 7, 79, 26, 19, 119, 180, 55, 39, 147, 16, 48, 124, 135, 191, 64, 83, 121, 185, 93, 46, 19, 123, 3, 154, 145, 134, 196, 176, 135, 62, 148, 114, 188]
inserting at end 
[5, 87, 149, 90, 90, 68, 33, 169, 126, 33, 15, 79, 57, 68, 29, 123, 173, 140, 158, 132, 12, 102, 36, 175, 9, 145, 70, 71, 106, 183, 114, 43, 74, 20, 37, 196, 199, 179, 34, 60, 126, 121, 104, 47, 171, 135, 100, 196, 41, 17, 4, 159, 150, 7, 79, 26, 19, 119, 180, 55, 39, 147, 16, 48, 124, 135, 191, 64, 83, 121, 185, 93, 46, 19, 123, 3, 154, 145, 134, 196, 176, 135, 62, 148, 114, 188, 174]
inserting at end 
[5, 87, 149, 90, 90, 68, 33, 169, 126, 33, 15, 79, 57, 68, 29, 123, 173, 140, 158, 132, 12, 102, 36, 175, 9, 145, 70, 71, 106, 183, 114, 43, 74, 20, 37, 196, 199, 179, 34, 60, 126, 121, 104, 47, 171, 135, 100, 196, 41, 17, 4, 159, 150, 7, 79, 26, 19, 119, 180, 55, 39, 147, 16, 48, 124, 135, 191, 64, 83, 121, 185, 93, 46, 19, 123, 3, 154, 145, 134, 196, 176, 135, 62, 148, 114, 188, 174, 113]
inserting at end 
[5, 87, 149, 90, 90, 68, 33, 169, 126, 33, 15, 79, 57, 68, 29, 123, 173, 140, 158, 132, 12, 102, 36, 175, 9, 145, 70, 71, 106, 183, 114, 43, 74, 20, 37, 196, 199, 179, 34, 60, 126, 121, 104, 47, 171, 135, 100, 196, 41, 17, 4, 159, 150, 7, 79, 26, 19, 119, 180, 55, 39, 147, 16, 48, 124, 135, 191, 64, 83, 121, 185, 93, 46, 19, 123, 3, 154, 145, 134, 196, 176, 135, 62, 148, 114, 188, 174, 113, 70]
inserting at end 
[5, 87, 149, 90, 90, 68, 33, 169, 126, 33, 15, 79, 57, 68, 29, 123, 173, 140, 158, 132, 12, 102, 36, 175, 9, 145, 70, 71, 106, 183, 114, 43, 74, 20, 37, 196, 199, 179, 34, 60, 126, 121, 104, 47, 171, 135, 100, 196, 41, 17, 4, 159, 150, 7, 79, 26, 19, 119, 180, 55, 39, 147, 16, 48, 124, 135, 191, 64, 83, 121, 185, 93, 46, 19, 123, 3, 154, 145, 134, 196, 176, 135, 62, 148, 114, 188, 174, 113, 70, 67]
inserting at end 
[5, 87, 149, 90, 90, 68, 33, 169, 126, 33, 15, 79, 57, 68, 29, 123, 173, 140, 158, 132, 12, 102, 36, 175, 9, 145, 70, 71, 106, 183, 114, 43, 74, 20, 37, 196, 199, 179, 34, 60, 126, 121, 104, 47, 171, 135, 100, 196, 41, 17, 4, 159, 150, 7, 79, 26, 19, 119, 180, 55, 39, 147, 16, 48, 124, 135, 191, 64, 83, 121, 185, 93, 46, 19, 123, 3, 154, 145, 134, 196, 176, 135, 62, 148, 114, 188, 174, 113, 70, 67, 167]
inserting at end 
[5, 87, 149, 90, 90, 68, 33, 169, 126, 33, 15, 79, 57, 68, 29, 123, 173, 140, 158, 132, 12, 102, 36, 175, 9, 145, 70, 71, 106, 183, 114, 43, 74, 20, 37, 196, 199, 179, 34, 60, 126, 121, 104, 47, 171, 135, 100, 196, 41, 17, 4, 159, 150, 7, 79, 26, 19, 119, 180, 55, 39, 147, 16, 48, 124, 135, 191, 64, 83, 121, 185, 93, 46, 19, 123, 3, 154, 145, 134, 196, 176, 135, 62, 148, 114, 188, 174, 113, 70, 67, 167, 6]
inserting at end 
[5, 87, 149, 90, 90, 68, 33, 169, 126, 33, 15, 79, 57, 68, 29, 123, 173, 140, 158, 132, 12, 102, 36, 175, 9, 145, 70, 71, 106, 183, 114, 43, 74, 20, 37, 196, 199, 179, 34, 60, 126, 121, 104, 47, 171, 135, 100, 196, 41, 17, 4, 159, 150, 7, 79, 26, 19, 119, 180, 55, 39, 147, 16, 48, 124, 135, 191, 64, 83, 121, 185, 93, 46, 19, 123, 3, 154, 145, 134, 196, 176, 135, 62, 148, 114, 188, 174, 113, 70, 67, 167, 6, 61]
inserting at end 
[5, 87, 149, 90, 90, 68, 33, 169, 126, 33, 15, 79, 57, 68, 29, 123, 173, 140, 158, 132, 12, 102, 36, 175, 9, 145, 70, 71, 106, 183, 114, 43, 74, 20, 37, 196, 199, 179, 34, 60, 126, 121, 104, 47, 171, 135, 100, 196, 41, 17, 4, 159, 150, 7, 79, 26, 19, 119, 180, 55, 39, 147, 16, 48, 124, 135, 191, 64, 83, 121, 185, 93, 46, 19, 123, 3, 154, 145, 134, 196, 176, 135, 62, 148, 114, 188, 174, 113, 70, 67, 167, 6, 61, 130]
inserting at end 
[5, 87, 149, 90, 90, 68, 33, 169, 126, 33, 15, 79, 57, 68, 29, 123, 173, 140, 158, 132, 12, 102, 36, 175, 9, 145, 70, 71, 106, 183, 114, 43, 74, 20, 37, 196, 199, 179, 34, 60, 126, 121, 104, 47, 171, 135, 100, 196, 41, 17, 4, 159, 150, 7, 79, 26, 19, 119, 180, 55, 39, 147, 16, 48, 124, 135, 191, 64, 83, 121, 185, 93, 46, 19, 123, 3, 154, 145, 134, 196, 176, 135, 62, 148, 114, 188, 174, 113, 70, 67, 167, 6, 61, 130, 129]
inserting at end 
[5, 87, 149, 90, 90, 68, 33, 169, 126, 33, 15, 79, 57, 68, 29, 123, 173, 140, 158, 132, 12, 102, 36, 175, 9, 145, 70, 71, 106, 183, 114, 43, 74, 20, 37, 196, 199, 179, 34, 60, 126, 121, 104, 47, 171, 135, 100, 196, 41, 17, 4, 159, 150, 7, 79, 26, 19, 119, 180, 55, 39, 147, 16, 48, 124, 135, 191, 64, 83, 121, 185, 93, 46, 19, 123, 3, 154, 145, 134, 196, 176, 135, 62, 148, 114, 188, 174, 113, 70, 67, 167, 6, 61, 130, 129, 73]
inserting at end 
[5, 87, 149, 90, 90, 68, 33, 169, 126, 33, 15, 79, 57, 68, 29, 123, 173, 140, 158, 132, 12, 102, 36, 175, 9, 145, 70, 71, 106, 183, 114, 43, 74, 20, 37, 196, 199, 179, 34, 60, 126, 121, 104, 47, 171, 135, 100, 196, 41, 17, 4, 159, 150, 7, 79, 26, 19, 119, 180, 55, 39, 147, 16, 48, 124, 135, 191, 64, 83, 121, 185, 93, 46, 19, 123, 3, 154, 145, 134, 196, 176, 135, 62, 148, 114, 188, 174, 113, 70, 67, 167, 6, 61, 130, 129, 73, 181]
inserting at end 
[5, 87, 149, 90, 90, 68, 33, 169, 126, 33, 15, 79, 57, 68, 29, 123, 173, 140, 158, 132, 12, 102, 36, 175, 9, 145, 70, 71, 106, 183, 114, 43, 74, 20, 37, 196, 199, 179, 34, 60, 126, 121, 104, 47, 171, 135, 100, 196, 41, 17, 4, 159, 150, 7, 79, 26, 19, 119, 180, 55, 39, 147, 16, 48, 124, 135, 191, 64, 83, 121, 185, 93, 46, 19, 123, 3, 154, 145, 134, 196, 176, 135, 62, 148, 114, 188, 174, 113, 70, 67, 167, 6, 61, 130, 129, 73, 181, 17]
inserting at end 
[5, 87, 149, 90, 90, 68, 33, 169, 126, 33, 15, 79, 57, 68, 29, 123, 173, 140, 158, 132, 12, 102, 36, 175, 9, 145, 70, 71, 106, 183, 114, 43, 74, 20, 37, 196, 199, 179, 34, 60, 126, 121, 104, 47, 171, 135, 100, 196, 41, 17, 4, 159, 150, 7, 79, 26, 19, 119, 180, 55, 39, 147, 16, 48, 124, 135, 191, 64, 83, 121, 185, 93, 46, 19, 123, 3, 154, 145, 134, 196, 176, 135, 62, 148, 114, 188, 174, 113, 70, 67, 167, 6, 61, 130, 129, 73, 181, 17, 146]
inserting at end 
[5, 87, 149, 90, 90, 68, 33, 169, 126, 33, 15, 79, 57, 68, 29, 123, 173, 140, 158, 132, 12, 102, 36, 175, 9, 145, 70, 71, 106, 183, 114, 43, 74, 20, 37, 196, 199, 179, 34, 60, 126, 121, 104, 47, 171, 135, 100, 196, 41, 17, 4, 159, 150, 7, 79, 26, 19, 119, 180, 55, 39, 147, 16, 48, 124, 135, 191, 64, 83, 121, 185, 93, 46, 19, 123, 3, 154, 145, 134, 196, 176, 135, 62, 148, 114, 188, 174, 113, 70, 67, 167, 6, 61, 130, 129, 73, 181, 17, 146, 135]
time is 2


<<<<<<<<<<<<<<< USING MyArrayLIST>>>>>>>>>>>>>>


inserting at start
The list contains 1 elements: 
10

inserting at start
The list contains 2 elements: 
114
10

inserting at start
The list contains 3 elements: 
117
114
10

inserting at start
The list contains 4 elements: 
184
117
114
10

inserting at start
The list contains 5 elements: 
47
184
117
114
10

inserting at start
The list contains 6 elements: 
104
47
184
117
114
10

inserting at start
The list contains 7 elements: 
12
104
47
184
117
114
10

inserting at start
The list contains 8 elements: 
153
12
104
47
184
117
114
10

inserting at start
The list contains 9 elements: 
55
153
12
104
47
184
117
114
10

inserting at start
The list contains 10 elements: 
28
55
153
12
104
47
184
117
114
10

inserting at start
The list contains 11 elements: 
156
28
55
153
12
104
47
184
117
114
10

inserting at start
The list contains 12 elements: 
67
156
28
55
153
12
104
47
184
117
114
10

inserting at start
The list contains 13 elements: 
186
67
156
28
55
153
12
104
47
184
117
114
10

inserting at start
The list contains 14 elements: 
88
186
67
156
28
55
153
12
104
47
184
117
114
10

inserting at start
The list contains 15 elements: 
93
88
186
67
156
28
55
153
12
104
47
184
117
114
10

inserting at start
The list contains 16 elements: 
48
93
88
186
67
156
28
55
153
12
104
47
184
117
114
10

inserting at start
The list contains 17 elements: 
155
48
93
88
186
67
156
28
55
153
12
104
47
184
117
114
10

inserting at start
The list contains 18 elements: 
154
155
48
93
88
186
67
156
28
55
153
12
104
47
184
117
114
10

inserting at start
The list contains 19 elements: 
177
154
155
48
93
88
186
67
156
28
55
153
12
104
47
184
117
114
10

inserting at start
The list contains 20 elements: 
51
177
154
155
48
93
88
186
67
156
28
55
153
12
104
47
184
117
114
10

inserting at start
The list contains 21 elements: 
45
51
177
154
155
48
93
88
186
67
156
28
55
153
12
104
47
184
117
114
10

inserting at start
The list contains 22 elements: 
188
45
51
177
154
155
48
93
88
186
67
156
28
55
153
12
104
47
184
117
114
10

inserting at start
The list contains 23 elements: 
170
188
45
51
177
154
155
48
93
88
186
67
156
28
55
153
12
104
47
184
117
114
10

inserting at start
The list contains 24 elements: 
160
170
188
45
51
177
154
155
48
93
88
186
67
156
28
55
153
12
104
47
184
117
114
10

inserting at start
The list contains 25 elements: 
108
160
170
188
45
51
177
154
155
48
93
88
186
67
156
28
55
153
12
104
47
184
117
114
10

inserting at start
The list contains 26 elements: 
62
108
160
170
188
45
51
177
154
155
48
93
88
186
67
156
28
55
153
12
104
47
184
117
114
10

inserting at start
The list contains 27 elements: 
66
62
108
160
170
188
45
51
177
154
155
48
93
88
186
67
156
28
55
153
12
104
47
184
117
114
10

inserting at start
The list contains 28 elements: 
77
66
62
108
160
170
188
45
51
177
154
155
48
93
88
186
67
156
28
55
153
12
104
47
184
117
114
10

inserting at start
The list contains 29 elements: 
177
77
66
62
108
160
170
188
45
51
177
154
155
48
93
88
186
67
156
28
55
153
12
104
47
184
117
114
10

inserting at start
The list contains 30 elements: 
156
177
77
66
62
108
160
170
188
45
51
177
154
155
48
93
88
186
67
156
28
55
153
12
104
47
184
117
114
10

inserting at start
The list contains 31 elements: 
158
156
177
77
66
62
108
160
170
188
45
51
177
154
155
48
93
88
186
67
156
28
55
153
12
104
47
184
117
114
10

inserting at start
The list contains 32 elements: 
125
158
156
177
77
66
62
108
160
170
188
45
51
177
154
155
48
93
88
186
67
156
28
55
153
12
104
47
184
117
114
10

inserting at start
The list contains 33 elements: 
175
125
158
156
177
77
66
62
108
160
170
188
45
51
177
154
155
48
93
88
186
67
156
28
55
153
12
104
47
184
117
114
10

time is 2



inserting at index  6
The list contains 34 elements: 
175
125
158
156
177
77
130
66
62
108
160
170
188
45
51
177
154
155
48
93
88
186
67
156
28
55
153
12
104
47
184
117
114
10

inserting at index  14
The list contains 35 elements: 
175
125
158
156
177
77
130
66
62
108
160
170
188
45
92
51
177
154
155
48
93
88
186
67
156
28
55
153
12
104
47
184
117
114
10

inserting at index  31
The list contains 36 elements: 
175
125
158
156
177
77
130
66
62
108
160
170
188
45
92
51
177
154
155
48
93
88
186
67
156
28
55
153
12
104
47
74
184
117
114
10

inserting at index  8
The list contains 37 elements: 
175
125
158
156
177
77
130
66
0
62
108
160
170
188
45
92
51
177
154
155
48
93
88
186
67
156
28
55
153
12
104
47
74
184
117
114
10

inserting at index  33
The list contains 38 elements: 
175
125
158
156
177
77
130
66
0
62
108
160
170
188
45
92
51
177
154
155
48
93
88
186
67
156
28
55
153
12
104
47
74
181
184
117
114
10

inserting at index  38
The list contains 39 elements: 
175
125
158
156
177
77
130
66
0
62
108
160
170
188
45
92
51
177
154
155
48
93
88
186
67
156
28
55
153
12
104
47
74
181
184
117
114
10
59

inserting at index  30
The list contains 40 elements: 
175
125
158
156
177
77
130
66
0
62
108
160
170
188
45
92
51
177
154
155
48
93
88
186
67
156
28
55
153
12
5
104
47
74
181
184
117
114
10
59

inserting at index  4
The list contains 41 elements: 
175
125
158
156
82
177
77
130
66
0
62
108
160
170
188
45
92
51
177
154
155
48
93
88
186
67
156
28
55
153
12
5
104
47
74
181
184
117
114
10
59

inserting at index  34
The list contains 42 elements: 
175
125
158
156
82
177
77
130
66
0
62
108
160
170
188
45
92
51
177
154
155
48
93
88
186
67
156
28
55
153
12
5
104
47
69
74
181
184
117
114
10
59

inserting at index  2
The list contains 43 elements: 
175
125
7
158
156
82
177
77
130
66
0
62
108
160
170
188
45
92
51
177
154
155
48
93
88
186
67
156
28
55
153
12
5
104
47
69
74
181
184
117
114
10
59

inserting at index  2
The list contains 44 elements: 
175
125
104
7
158
156
82
177
77
130
66
0
62
108
160
170
188
45
92
51
177
154
155
48
93
88
186
67
156
28
55
153
12
5
104
47
69
74
181
184
117
114
10
59

inserting at index  23
The list contains 45 elements: 
175
125
104
7
158
156
82
177
77
130
66
0
62
108
160
170
188
45
92
51
177
154
155
186
48
93
88
186
67
156
28
55
153
12
5
104
47
69
74
181
184
117
114
10
59

inserting at index  4
The list contains 46 elements: 
175
125
104
7
168
158
156
82
177
77
130
66
0
62
108
160
170
188
45
92
51
177
154
155
186
48
93
88
186
67
156
28
55
153
12
5
104
47
69
74
181
184
117
114
10
59

inserting at index  2
The list contains 47 elements: 
175
125
100
104
7
168
158
156
82
177
77
130
66
0
62
108
160
170
188
45
92
51
177
154
155
186
48
93
88
186
67
156
28
55
153
12
5
104
47
69
74
181
184
117
114
10
59

inserting at index  13
The list contains 48 elements: 
175
125
100
104
7
168
158
156
82
177
77
130
66
179
0
62
108
160
170
188
45
92
51
177
154
155
186
48
93
88
186
67
156
28
55
153
12
5
104
47
69
74
181
184
117
114
10
59

inserting at index  17
The list contains 49 elements: 
175
125
100
104
7
168
158
156
82
177
77
130
66
179
0
62
108
198
160
170
188
45
92
51
177
154
155
186
48
93
88
186
67
156
28
55
153
12
5
104
47
69
74
181
184
117
114
10
59

inserting at index  25
The list contains 50 elements: 
175
125
100
104
7
168
158
156
82
177
77
130
66
179
0
62
108
198
160
170
188
45
92
51
177
174
154
155
186
48
93
88
186
67
156
28
55
153
12
5
104
47
69
74
181
184
117
114
10
59

inserting at index  38
The list contains 51 elements: 
175
125
100
104
7
168
158
156
82
177
77
130
66
179
0
62
108
198
160
170
188
45
92
51
177
174
154
155
186
48
93
88
186
67
156
28
55
153
134
12
5
104
47
69
74
181
184
117
114
10
59

inserting at index  37
The list contains 52 elements: 
175
125
100
104
7
168
158
156
82
177
77
130
66
179
0
62
108
198
160
170
188
45
92
51
177
174
154
155
186
48
93
88
186
67
156
28
55
150
153
134
12
5
104
47
69
74
181
184
117
114
10
59

inserting at index  24
The list contains 53 elements: 
175
125
100
104
7
168
158
156
82
177
77
130
66
179
0
62
108
198
160
170
188
45
92
51
151
177
174
154
155
186
48
93
88
186
67
156
28
55
150
153
134
12
5
104
47
69
74
181
184
117
114
10
59

inserting at index  37
The list contains 54 elements: 
175
125
100
104
7
168
158
156
82
177
77
130
66
179
0
62
108
198
160
170
188
45
92
51
151
177
174
154
155
186
48
93
88
186
67
156
28
83
55
150
153
134
12
5
104
47
69
74
181
184
117
114
10
59

inserting at index  26
The list contains 55 elements: 
175
125
100
104
7
168
158
156
82
177
77
130
66
179
0
62
108
198
160
170
188
45
92
51
151
177
159
174
154
155
186
48
93
88
186
67
156
28
83
55
150
153
134
12
5
104
47
69
74
181
184
117
114
10
59

inserting at index  29
The list contains 56 elements: 
175
125
100
104
7
168
158
156
82
177
77
130
66
179
0
62
108
198
160
170
188
45
92
51
151
177
159
174
154
86
155
186
48
93
88
186
67
156
28
83
55
150
153
134
12
5
104
47
69
74
181
184
117
114
10
59

inserting at index  11
The list contains 57 elements: 
175
125
100
104
7
168
158
156
82
177
77
115
130
66
179
0
62
108
198
160
170
188
45
92
51
151
177
159
174
154
86
155
186
48
93
88
186
67
156
28
83
55
150
153
134
12
5
104
47
69
74
181
184
117
114
10
59

inserting at index  33
The list contains 58 elements: 
175
125
100
104
7
168
158
156
82
177
77
115
130
66
179
0
62
108
198
160
170
188
45
92
51
151
177
159
174
154
86
155
186
67
48
93
88
186
67
156
28
83
55
150
153
134
12
5
104
47
69
74
181
184
117
114
10
59

inserting at index  38
The list contains 59 elements: 
175
125
100
104
7
168
158
156
82
177
77
115
130
66
179
0
62
108
198
160
170
188
45
92
51
151
177
159
174
154
86
155
186
67
48
93
88
186
137
67
156
28
83
55
150
153
134
12
5
104
47
69
74
181
184
117
114
10
59

inserting at index  5
The list contains 60 elements: 
175
125
100
104
7
152
168
158
156
82
177
77
115
130
66
179
0
62
108
198
160
170
188
45
92
51
151
177
159
174
154
86
155
186
67
48
93
88
186
137
67
156
28
83
55
150
153
134
12
5
104
47
69
74
181
184
117
114
10
59

inserting at index  9
The list contains 61 elements: 
175
125
100
104
7
152
168
158
156
68
82
177
77
115
130
66
179
0
62
108
198
160
170
188
45
92
51
151
177
159
174
154
86
155
186
67
48
93
88
186
137
67
156
28
83
55
150
153
134
12
5
104
47
69
74
181
184
117
114
10
59

inserting at index  1
The list contains 62 elements: 
175
4
125
100
104
7
152
168
158
156
68
82
177
77
115
130
66
179
0
62
108
198
160
170
188
45
92
51
151
177
159
174
154
86
155
186
67
48
93
88
186
137
67
156
28
83
55
150
153
134
12
5
104
47
69
74
181
184
117
114
10
59

inserting at index  1
The list contains 63 elements: 
175
19
4
125
100
104
7
152
168
158
156
68
82
177
77
115
130
66
179
0
62
108
198
160
170
188
45
92
51
151
177
159
174
154
86
155
186
67
48
93
88
186
137
67
156
28
83
55
150
153
134
12
5
104
47
69
74
181
184
117
114
10
59

inserting at index  9
The list contains 64 elements: 
175
19
4
125
100
104
7
152
168
72
158
156
68
82
177
77
115
130
66
179
0
62
108
198
160
170
188
45
92
51
151
177
159
174
154
86
155
186
67
48
93
88
186
137
67
156
28
83
55
150
153
134
12
5
104
47
69
74
181
184
117
114
10
59

inserting at index  10
The list contains 65 elements: 
175
19
4
125
100
104
7
152
168
72
136
158
156
68
82
177
77
115
130
66
179
0
62
108
198
160
170
188
45
92
51
151
177
159
174
154
86
155
186
67
48
93
88
186
137
67
156
28
83
55
150
153
134
12
5
104
47
69
74
181
184
117
114
10
59

inserting at index  12
The list contains 66 elements: 
175
19
4
125
100
104
7
152
168
72
136
158
74
156
68
82
177
77
115
130
66
179
0
62
108
198
160
170
188
45
92
51
151
177
159
174
154
86
155
186
67
48
93
88
186
137
67
156
28
83
55
150
153
134
12
5
104
47
69
74
181
184
117
114
10
59

time is 4



inserting at end 
The list contains 67 elements: 
175
19
4
125
100
104
7
152
168
72
136
158
74
156
68
82
177
77
115
130
66
179
0
62
108
198
160
170
188
45
92
51
151
177
159
174
154
86
155
186
67
48
93
88
186
137
67
156
28
83
55
150
153
134
12
5
104
47
69
74
181
184
117
114
10
59
61

inserting at end 
The list contains 68 elements: 
175
19
4
125
100
104
7
152
168
72
136
158
74
156
68
82
177
77
115
130
66
179
0
62
108
198
160
170
188
45
92
51
151
177
159
174
154
86
155
186
67
48
93
88
186
137
67
156
28
83
55
150
153
134
12
5
104
47
69
74
181
184
117
114
10
59
61
59

inserting at end 
The list contains 69 elements: 
175
19
4
125
100
104
7
152
168
72
136
158
74
156
68
82
177
77
115
130
66
179
0
62
108
198
160
170
188
45
92
51
151
177
159
174
154
86
155
186
67
48
93
88
186
137
67
156
28
83
55
150
153
134
12
5
104
47
69
74
181
184
117
114
10
59
61
59
133

inserting at end 
The list contains 70 elements: 
175
19
4
125
100
104
7
152
168
72
136
158
74
156
68
82
177
77
115
130
66
179
0
62
108
198
160
170
188
45
92
51
151
177
159
174
154
86
155
186
67
48
93
88
186
137
67
156
28
83
55
150
153
134
12
5
104
47
69
74
181
184
117
114
10
59
61
59
133
195

inserting at end 
The list contains 71 elements: 
175
19
4
125
100
104
7
152
168
72
136
158
74
156
68
82
177
77
115
130
66
179
0
62
108
198
160
170
188
45
92
51
151
177
159
174
154
86
155
186
67
48
93
88
186
137
67
156
28
83
55
150
153
134
12
5
104
47
69
74
181
184
117
114
10
59
61
59
133
195
60

inserting at end 
The list contains 72 elements: 
175
19
4
125
100
104
7
152
168
72
136
158
74
156
68
82
177
77
115
130
66
179
0
62
108
198
160
170
188
45
92
51
151
177
159
174
154
86
155
186
67
48
93
88
186
137
67
156
28
83
55
150
153
134
12
5
104
47
69
74
181
184
117
114
10
59
61
59
133
195
60
10

inserting at end 
The list contains 73 elements: 
175
19
4
125
100
104
7
152
168
72
136
158
74
156
68
82
177
77
115
130
66
179
0
62
108
198
160
170
188
45
92
51
151
177
159
174
154
86
155
186
67
48
93
88
186
137
67
156
28
83
55
150
153
134
12
5
104
47
69
74
181
184
117
114
10
59
61
59
133
195
60
10
90

inserting at end 
The list contains 74 elements: 
175
19
4
125
100
104
7
152
168
72
136
158
74
156
68
82
177
77
115
130
66
179
0
62
108
198
160
170
188
45
92
51
151
177
159
174
154
86
155
186
67
48
93
88
186
137
67
156
28
83
55
150
153
134
12
5
104
47
69
74
181
184
117
114
10
59
61
59
133
195
60
10
90
98

inserting at end 
The list contains 75 elements: 
175
19
4
125
100
104
7
152
168
72
136
158
74
156
68
82
177
77
115
130
66
179
0
62
108
198
160
170
188
45
92
51
151
177
159
174
154
86
155
186
67
48
93
88
186
137
67
156
28
83
55
150
153
134
12
5
104
47
69
74
181
184
117
114
10
59
61
59
133
195
60
10
90
98
66

inserting at end 
The list contains 76 elements: 
175
19
4
125
100
104
7
152
168
72
136
158
74
156
68
82
177
77
115
130
66
179
0
62
108
198
160
170
188
45
92
51
151
177
159
174
154
86
155
186
67
48
93
88
186
137
67
156
28
83
55
150
153
134
12
5
104
47
69
74
181
184
117
114
10
59
61
59
133
195
60
10
90
98
66
40

inserting at end 
The list contains 77 elements: 
175
19
4
125
100
104
7
152
168
72
136
158
74
156
68
82
177
77
115
130
66
179
0
62
108
198
160
170
188
45
92
51
151
177
159
174
154
86
155
186
67
48
93
88
186
137
67
156
28
83
55
150
153
134
12
5
104
47
69
74
181
184
117
114
10
59
61
59
133
195
60
10
90
98
66
40
18

inserting at end 
The list contains 78 elements: 
175
19
4
125
100
104
7
152
168
72
136
158
74
156
68
82
177
77
115
130
66
179
0
62
108
198
160
170
188
45
92
51
151
177
159
174
154
86
155
186
67
48
93
88
186
137
67
156
28
83
55
150
153
134
12
5
104
47
69
74
181
184
117
114
10
59
61
59
133
195
60
10
90
98
66
40
18
11

inserting at end 
The list contains 79 elements: 
175
19
4
125
100
104
7
152
168
72
136
158
74
156
68
82
177
77
115
130
66
179
0
62
108
198
160
170
188
45
92
51
151
177
159
174
154
86
155
186
67
48
93
88
186
137
67
156
28
83
55
150
153
134
12
5
104
47
69
74
181
184
117
114
10
59
61
59
133
195
60
10
90
98
66
40
18
11
182

inserting at end 
The list contains 80 elements: 
175
19
4
125
100
104
7
152
168
72
136
158
74
156
68
82
177
77
115
130
66
179
0
62
108
198
160
170
188
45
92
51
151
177
159
174
154
86
155
186
67
48
93
88
186
137
67
156
28
83
55
150
153
134
12
5
104
47
69
74
181
184
117
114
10
59
61
59
133
195
60
10
90
98
66
40
18
11
182
127

inserting at end 
The list contains 81 elements: 
175
19
4
125
100
104
7
152
168
72
136
158
74
156
68
82
177
77
115
130
66
179
0
62
108
198
160
170
188
45
92
51
151
177
159
174
154
86
155
186
67
48
93
88
186
137
67
156
28
83
55
150
153
134
12
5
104
47
69
74
181
184
117
114
10
59
61
59
133
195
60
10
90
98
66
40
18
11
182
127
77

inserting at end 
The list contains 82 elements: 
175
19
4
125
100
104
7
152
168
72
136
158
74
156
68
82
177
77
115
130
66
179
0
62
108
198
160
170
188
45
92
51
151
177
159
174
154
86
155
186
67
48
93
88
186
137
67
156
28
83
55
150
153
134
12
5
104
47
69
74
181
184
117
114
10
59
61
59
133
195
60
10
90
98
66
40
18
11
182
127
77
103

inserting at end 
The list contains 83 elements: 
175
19
4
125
100
104
7
152
168
72
136
158
74
156
68
82
177
77
115
130
66
179
0
62
108
198
160
170
188
45
92
51
151
177
159
174
154
86
155
186
67
48
93
88
186
137
67
156
28
83
55
150
153
134
12
5
104
47
69
74
181
184
117
114
10
59
61
59
133
195
60
10
90
98
66
40
18
11
182
127
77
103
59

inserting at end 
The list contains 84 elements: 
175
19
4
125
100
104
7
152
168
72
136
158
74
156
68
82
177
77
115
130
66
179
0
62
108
198
160
170
188
45
92
51
151
177
159
174
154
86
155
186
67
48
93
88
186
137
67
156
28
83
55
150
153
134
12
5
104
47
69
74
181
184
117
114
10
59
61
59
133
195
60
10
90
98
66
40
18
11
182
127
77
103
59
31

inserting at end 
The list contains 85 elements: 
175
19
4
125
100
104
7
152
168
72
136
158
74
156
68
82
177
77
115
130
66
179
0
62
108
198
160
170
188
45
92
51
151
177
159
174
154
86
155
186
67
48
93
88
186
137
67
156
28
83
55
150
153
134
12
5
104
47
69
74
181
184
117
114
10
59
61
59
133
195
60
10
90
98
66
40
18
11
182
127
77
103
59
31
12

inserting at end 
The list contains 86 elements: 
175
19
4
125
100
104
7
152
168
72
136
158
74
156
68
82
177
77
115
130
66
179
0
62
108
198
160
170
188
45
92
51
151
177
159
174
154
86
155
186
67
48
93
88
186
137
67
156
28
83
55
150
153
134
12
5
104
47
69
74
181
184
117
114
10
59
61
59
133
195
60
10
90
98
66
40
18
11
182
127
77
103
59
31
12
101

inserting at end 
The list contains 87 elements: 
175
19
4
125
100
104
7
152
168
72
136
158
74
156
68
82
177
77
115
130
66
179
0
62
108
198
160
170
188
45
92
51
151
177
159
174
154
86
155
186
67
48
93
88
186
137
67
156
28
83
55
150
153
134
12
5
104
47
69
74
181
184
117
114
10
59
61
59
133
195
60
10
90
98
66
40
18
11
182
127
77
103
59
31
12
101
113

inserting at end 
The list contains 88 elements: 
175
19
4
125
100
104
7
152
168
72
136
158
74
156
68
82
177
77
115
130
66
179
0
62
108
198
160
170
188
45
92
51
151
177
159
174
154
86
155
186
67
48
93
88
186
137
67
156
28
83
55
150
153
134
12
5
104
47
69
74
181
184
117
114
10
59
61
59
133
195
60
10
90
98
66
40
18
11
182
127
77
103
59
31
12
101
113
88

inserting at end 
The list contains 89 elements: 
175
19
4
125
100
104
7
152
168
72
136
158
74
156
68
82
177
77
115
130
66
179
0
62
108
198
160
170
188
45
92
51
151
177
159
174
154
86
155
186
67
48
93
88
186
137
67
156
28
83
55
150
153
134
12
5
104
47
69
74
181
184
117
114
10
59
61
59
133
195
60
10
90
98
66
40
18
11
182
127
77
103
59
31
12
101
113
88
49

inserting at end 
The list contains 90 elements: 
175
19
4
125
100
104
7
152
168
72
136
158
74
156
68
82
177
77
115
130
66
179
0
62
108
198
160
170
188
45
92
51
151
177
159
174
154
86
155
186
67
48
93
88
186
137
67
156
28
83
55
150
153
134
12
5
104
47
69
74
181
184
117
114
10
59
61
59
133
195
60
10
90
98
66
40
18
11
182
127
77
103
59
31
12
101
113
88
49
129

inserting at end 
The list contains 91 elements: 
175
19
4
125
100
104
7
152
168
72
136
158
74
156
68
82
177
77
115
130
66
179
0
62
108
198
160
170
188
45
92
51
151
177
159
174
154
86
155
186
67
48
93
88
186
137
67
156
28
83
55
150
153
134
12
5
104
47
69
74
181
184
117
114
10
59
61
59
133
195
60
10
90
98
66
40
18
11
182
127
77
103
59
31
12
101
113
88
49
129
192

inserting at end 
The list contains 92 elements: 
175
19
4
125
100
104
7
152
168
72
136
158
74
156
68
82
177
77
115
130
66
179
0
62
108
198
160
170
188
45
92
51
151
177
159
174
154
86
155
186
67
48
93
88
186
137
67
156
28
83
55
150
153
134
12
5
104
47
69
74
181
184
117
114
10
59
61
59
133
195
60
10
90
98
66
40
18
11
182
127
77
103
59
31
12
101
113
88
49
129
192
75

inserting at end 
The list contains 93 elements: 
175
19
4
125
100
104
7
152
168
72
136
158
74
156
68
82
177
77
115
130
66
179
0
62
108
198
160
170
188
45
92
51
151
177
159
174
154
86
155
186
67
48
93
88
186
137
67
156
28
83
55
150
153
134
12
5
104
47
69
74
181
184
117
114
10
59
61
59
133
195
60
10
90
98
66
40
18
11
182
127
77
103
59
31
12
101
113
88
49
129
192
75
171

inserting at end 
The list contains 94 elements: 
175
19
4
125
100
104
7
152
168
72
136
158
74
156
68
82
177
77
115
130
66
179
0
62
108
198
160
170
188
45
92
51
151
177
159
174
154
86
155
186
67
48
93
88
186
137
67
156
28
83
55
150
153
134
12
5
104
47
69
74
181
184
117
114
10
59
61
59
133
195
60
10
90
98
66
40
18
11
182
127
77
103
59
31
12
101
113
88
49
129
192
75
171
113

inserting at end 
The list contains 95 elements: 
175
19
4
125
100
104
7
152
168
72
136
158
74
156
68
82
177
77
115
130
66
179
0
62
108
198
160
170
188
45
92
51
151
177
159
174
154
86
155
186
67
48
93
88
186
137
67
156
28
83
55
150
153
134
12
5
104
47
69
74
181
184
117
114
10
59
61
59
133
195
60
10
90
98
66
40
18
11
182
127
77
103
59
31
12
101
113
88
49
129
192
75
171
113
77

inserting at end 
The list contains 96 elements: 
175
19
4
125
100
104
7
152
168
72
136
158
74
156
68
82
177
77
115
130
66
179
0
62
108
198
160
170
188
45
92
51
151
177
159
174
154
86
155
186
67
48
93
88
186
137
67
156
28
83
55
150
153
134
12
5
104
47
69
74
181
184
117
114
10
59
61
59
133
195
60
10
90
98
66
40
18
11
182
127
77
103
59
31
12
101
113
88
49
129
192
75
171
113
77
83

inserting at end 
The list contains 97 elements: 
175
19
4
125
100
104
7
152
168
72
136
158
74
156
68
82
177
77
115
130
66
179
0
62
108
198
160
170
188
45
92
51
151
177
159
174
154
86
155
186
67
48
93
88
186
137
67
156
28
83
55
150
153
134
12
5
104
47
69
74
181
184
117
114
10
59
61
59
133
195
60
10
90
98
66
40
18
11
182
127
77
103
59
31
12
101
113
88
49
129
192
75
171
113
77
83
21

inserting at end 
The list contains 98 elements: 
175
19
4
125
100
104
7
152
168
72
136
158
74
156
68
82
177
77
115
130
66
179
0
62
108
198
160
170
188
45
92
51
151
177
159
174
154
86
155
186
67
48
93
88
186
137
67
156
28
83
55
150
153
134
12
5
104
47
69
74
181
184
117
114
10
59
61
59
133
195
60
10
90
98
66
40
18
11
182
127
77
103
59
31
12
101
113
88
49
129
192
75
171
113
77
83
21
110

inserting at end 
The list contains 99 elements: 
175
19
4
125
100
104
7
152
168
72
136
158
74
156
68
82
177
77
115
130
66
179
0
62
108
198
160
170
188
45
92
51
151
177
159
174
154
86
155
186
67
48
93
88
186
137
67
156
28
83
55
150
153
134
12
5
104
47
69
74
181
184
117
114
10
59
61
59
133
195
60
10
90
98
66
40
18
11
182
127
77
103
59
31
12
101
113
88
49
129
192
75
171
113
77
83
21
110
85

inserting at end 
The list contains 100 elements: 
175
19
4
125
100
104
7
152
168
72
136
158
74
156
68
82
177
77
115
130
66
179
0
62
108
198
160
170
188
45
92
51
151
177
159
174
154
86
155
186
67
48
93
88
186
137
67
156
28
83
55
150
153
134
12
5
104
47
69
74
181
184
117
114
10
59
61
59
133
195
60
10
90
98
66
40
18
11
182
127
77
103
59
31
12
101
113
88
49
129
192
75
171
113
77
83
21
110
85
68

time is 4


<<<<<<<<<<<<<<< USING ArrayLIST>>>>>>>>>>>>>>


inserting at start
[83]
inserting at start
[136, 83]
inserting at start
[190, 136, 83]
inserting at start
[74, 190, 136, 83]
inserting at start
[196, 74, 190, 136, 83]
inserting at start
[51, 196, 74, 190, 136, 83]
inserting at start
[199, 51, 196, 74, 190, 136, 83]
inserting at start
[158, 199, 51, 196, 74, 190, 136, 83]
inserting at start
[73, 158, 199, 51, 196, 74, 190, 136, 83]
inserting at start
[179, 73, 158, 199, 51, 196, 74, 190, 136, 83]
inserting at start
[199, 179, 73, 158, 199, 51, 196, 74, 190, 136, 83]
inserting at start
[177, 199, 179, 73, 158, 199, 51, 196, 74, 190, 136, 83]
inserting at start
[49, 177, 199, 179, 73, 158, 199, 51, 196, 74, 190, 136, 83]
inserting at start
[127, 49, 177, 199, 179, 73, 158, 199, 51, 196, 74, 190, 136, 83]
inserting at start
[18, 127, 49, 177, 199, 179, 73, 158, 199, 51, 196, 74, 190, 136, 83]
inserting at start
[147, 18, 127, 49, 177, 199, 179, 73, 158, 199, 51, 196, 74, 190, 136, 83]
inserting at start
[146, 147, 18, 127, 49, 177, 199, 179, 73, 158, 199, 51, 196, 74, 190, 136, 83]
inserting at start
[58, 146, 147, 18, 127, 49, 177, 199, 179, 73, 158, 199, 51, 196, 74, 190, 136, 83]
inserting at start
[99, 58, 146, 147, 18, 127, 49, 177, 199, 179, 73, 158, 199, 51, 196, 74, 190, 136, 83]
inserting at start
[107, 99, 58, 146, 147, 18, 127, 49, 177, 199, 179, 73, 158, 199, 51, 196, 74, 190, 136, 83]
inserting at start
[49, 107, 99, 58, 146, 147, 18, 127, 49, 177, 199, 179, 73, 158, 199, 51, 196, 74, 190, 136, 83]
inserting at start
[134, 49, 107, 99, 58, 146, 147, 18, 127, 49, 177, 199, 179, 73, 158, 199, 51, 196, 74, 190, 136, 83]
inserting at start
[55, 134, 49, 107, 99, 58, 146, 147, 18, 127, 49, 177, 199, 179, 73, 158, 199, 51, 196, 74, 190, 136, 83]
inserting at start
[166, 55, 134, 49, 107, 99, 58, 146, 147, 18, 127, 49, 177, 199, 179, 73, 158, 199, 51, 196, 74, 190, 136, 83]
inserting at start
[27, 166, 55, 134, 49, 107, 99, 58, 146, 147, 18, 127, 49, 177, 199, 179, 73, 158, 199, 51, 196, 74, 190, 136, 83]
inserting at start
[35, 27, 166, 55, 134, 49, 107, 99, 58, 146, 147, 18, 127, 49, 177, 199, 179, 73, 158, 199, 51, 196, 74, 190, 136, 83]
inserting at start
[172, 35, 27, 166, 55, 134, 49, 107, 99, 58, 146, 147, 18, 127, 49, 177, 199, 179, 73, 158, 199, 51, 196, 74, 190, 136, 83]
inserting at start
[71, 172, 35, 27, 166, 55, 134, 49, 107, 99, 58, 146, 147, 18, 127, 49, 177, 199, 179, 73, 158, 199, 51, 196, 74, 190, 136, 83]
inserting at start
[149, 71, 172, 35, 27, 166, 55, 134, 49, 107, 99, 58, 146, 147, 18, 127, 49, 177, 199, 179, 73, 158, 199, 51, 196, 74, 190, 136, 83]
inserting at start
[27, 149, 71, 172, 35, 27, 166, 55, 134, 49, 107, 99, 58, 146, 147, 18, 127, 49, 177, 199, 179, 73, 158, 199, 51, 196, 74, 190, 136, 83]
inserting at start
[41, 27, 149, 71, 172, 35, 27, 166, 55, 134, 49, 107, 99, 58, 146, 147, 18, 127, 49, 177, 199, 179, 73, 158, 199, 51, 196, 74, 190, 136, 83]
inserting at start
[30, 41, 27, 149, 71, 172, 35, 27, 166, 55, 134, 49, 107, 99, 58, 146, 147, 18, 127, 49, 177, 199, 179, 73, 158, 199, 51, 196, 74, 190, 136, 83]
inserting at start
[107, 30, 41, 27, 149, 71, 172, 35, 27, 166, 55, 134, 49, 107, 99, 58, 146, 147, 18, 127, 49, 177, 199, 179, 73, 158, 199, 51, 196, 74, 190, 136, 83]
time is 1



inserting at index  10
[107, 30, 41, 27, 149, 71, 172, 35, 27, 166, 68, 55, 134, 49, 107, 99, 58, 146, 147, 18, 127, 49, 177, 199, 179, 73, 158, 199, 51, 196, 74, 190, 136, 83]
inserting at index  22
[107, 30, 41, 27, 149, 71, 172, 35, 27, 166, 68, 55, 134, 49, 107, 99, 58, 146, 147, 18, 127, 49, 197, 177, 199, 179, 73, 158, 199, 51, 196, 74, 190, 136, 83]
inserting at index  14
[107, 30, 41, 27, 149, 71, 172, 35, 27, 166, 68, 55, 134, 49, 121, 107, 99, 58, 146, 147, 18, 127, 49, 197, 177, 199, 179, 73, 158, 199, 51, 196, 74, 190, 136, 83]
inserting at index  16
[107, 30, 41, 27, 149, 71, 172, 35, 27, 166, 68, 55, 134, 49, 121, 107, 192, 99, 58, 146, 147, 18, 127, 49, 197, 177, 199, 179, 73, 158, 199, 51, 196, 74, 190, 136, 83]
inserting at index  12
[107, 30, 41, 27, 149, 71, 172, 35, 27, 166, 68, 55, 80, 134, 49, 121, 107, 192, 99, 58, 146, 147, 18, 127, 49, 197, 177, 199, 179, 73, 158, 199, 51, 196, 74, 190, 136, 83]
inserting at index  8
[107, 30, 41, 27, 149, 71, 172, 35, 160, 27, 166, 68, 55, 80, 134, 49, 121, 107, 192, 99, 58, 146, 147, 18, 127, 49, 197, 177, 199, 179, 73, 158, 199, 51, 196, 74, 190, 136, 83]
inserting at index  24
[107, 30, 41, 27, 149, 71, 172, 35, 160, 27, 166, 68, 55, 80, 134, 49, 121, 107, 192, 99, 58, 146, 147, 18, 21, 127, 49, 197, 177, 199, 179, 73, 158, 199, 51, 196, 74, 190, 136, 83]
inserting at index  22
[107, 30, 41, 27, 149, 71, 172, 35, 160, 27, 166, 68, 55, 80, 134, 49, 121, 107, 192, 99, 58, 146, 13, 147, 18, 21, 127, 49, 197, 177, 199, 179, 73, 158, 199, 51, 196, 74, 190, 136, 83]
inserting at index  10
[107, 30, 41, 27, 149, 71, 172, 35, 160, 27, 100, 166, 68, 55, 80, 134, 49, 121, 107, 192, 99, 58, 146, 13, 147, 18, 21, 127, 49, 197, 177, 199, 179, 73, 158, 199, 51, 196, 74, 190, 136, 83]
inserting at index  4
[107, 30, 41, 27, 47, 149, 71, 172, 35, 160, 27, 100, 166, 68, 55, 80, 134, 49, 121, 107, 192, 99, 58, 146, 13, 147, 18, 21, 127, 49, 197, 177, 199, 179, 73, 158, 199, 51, 196, 74, 190, 136, 83]
inserting at index  5
[107, 30, 41, 27, 47, 177, 149, 71, 172, 35, 160, 27, 100, 166, 68, 55, 80, 134, 49, 121, 107, 192, 99, 58, 146, 13, 147, 18, 21, 127, 49, 197, 177, 199, 179, 73, 158, 199, 51, 196, 74, 190, 136, 83]
inserting at index  3
[107, 30, 41, 113, 27, 47, 177, 149, 71, 172, 35, 160, 27, 100, 166, 68, 55, 80, 134, 49, 121, 107, 192, 99, 58, 146, 13, 147, 18, 21, 127, 49, 197, 177, 199, 179, 73, 158, 199, 51, 196, 74, 190, 136, 83]
inserting at index  29
[107, 30, 41, 113, 27, 47, 177, 149, 71, 172, 35, 160, 27, 100, 166, 68, 55, 80, 134, 49, 121, 107, 192, 99, 58, 146, 13, 147, 18, 66, 21, 127, 49, 197, 177, 199, 179, 73, 158, 199, 51, 196, 74, 190, 136, 83]
inserting at index  9
[107, 30, 41, 113, 27, 47, 177, 149, 71, 37, 172, 35, 160, 27, 100, 166, 68, 55, 80, 134, 49, 121, 107, 192, 99, 58, 146, 13, 147, 18, 66, 21, 127, 49, 197, 177, 199, 179, 73, 158, 199, 51, 196, 74, 190, 136, 83]
inserting at index  2
[107, 30, 47, 41, 113, 27, 47, 177, 149, 71, 37, 172, 35, 160, 27, 100, 166, 68, 55, 80, 134, 49, 121, 107, 192, 99, 58, 146, 13, 147, 18, 66, 21, 127, 49, 197, 177, 199, 179, 73, 158, 199, 51, 196, 74, 190, 136, 83]
inserting at index  6
[107, 30, 47, 41, 113, 27, 7, 47, 177, 149, 71, 37, 172, 35, 160, 27, 100, 166, 68, 55, 80, 134, 49, 121, 107, 192, 99, 58, 146, 13, 147, 18, 66, 21, 127, 49, 197, 177, 199, 179, 73, 158, 199, 51, 196, 74, 190, 136, 83]
inserting at index  18
[107, 30, 47, 41, 113, 27, 7, 47, 177, 149, 71, 37, 172, 35, 160, 27, 100, 166, 135, 68, 55, 80, 134, 49, 121, 107, 192, 99, 58, 146, 13, 147, 18, 66, 21, 127, 49, 197, 177, 199, 179, 73, 158, 199, 51, 196, 74, 190, 136, 83]
inserting at index  8
[107, 30, 47, 41, 113, 27, 7, 47, 174, 177, 149, 71, 37, 172, 35, 160, 27, 100, 166, 135, 68, 55, 80, 134, 49, 121, 107, 192, 99, 58, 146, 13, 147, 18, 66, 21, 127, 49, 197, 177, 199, 179, 73, 158, 199, 51, 196, 74, 190, 136, 83]
inserting at index  26
[107, 30, 47, 41, 113, 27, 7, 47, 174, 177, 149, 71, 37, 172, 35, 160, 27, 100, 166, 135, 68, 55, 80, 134, 49, 121, 161, 107, 192, 99, 58, 146, 13, 147, 18, 66, 21, 127, 49, 197, 177, 199, 179, 73, 158, 199, 51, 196, 74, 190, 136, 83]
inserting at index  1
[107, 132, 30, 47, 41, 113, 27, 7, 47, 174, 177, 149, 71, 37, 172, 35, 160, 27, 100, 166, 135, 68, 55, 80, 134, 49, 121, 161, 107, 192, 99, 58, 146, 13, 147, 18, 66, 21, 127, 49, 197, 177, 199, 179, 73, 158, 199, 51, 196, 74, 190, 136, 83]
inserting at index  6
[107, 132, 30, 47, 41, 113, 167, 27, 7, 47, 174, 177, 149, 71, 37, 172, 35, 160, 27, 100, 166, 135, 68, 55, 80, 134, 49, 121, 161, 107, 192, 99, 58, 146, 13, 147, 18, 66, 21, 127, 49, 197, 177, 199, 179, 73, 158, 199, 51, 196, 74, 190, 136, 83]
inserting at index  10
[107, 132, 30, 47, 41, 113, 167, 27, 7, 47, 116, 174, 177, 149, 71, 37, 172, 35, 160, 27, 100, 166, 135, 68, 55, 80, 134, 49, 121, 161, 107, 192, 99, 58, 146, 13, 147, 18, 66, 21, 127, 49, 197, 177, 199, 179, 73, 158, 199, 51, 196, 74, 190, 136, 83]
inserting at index  17
[107, 132, 30, 47, 41, 113, 167, 27, 7, 47, 116, 174, 177, 149, 71, 37, 172, 184, 35, 160, 27, 100, 166, 135, 68, 55, 80, 134, 49, 121, 161, 107, 192, 99, 58, 146, 13, 147, 18, 66, 21, 127, 49, 197, 177, 199, 179, 73, 158, 199, 51, 196, 74, 190, 136, 83]
inserting at index  11
[107, 132, 30, 47, 41, 113, 167, 27, 7, 47, 116, 155, 174, 177, 149, 71, 37, 172, 184, 35, 160, 27, 100, 166, 135, 68, 55, 80, 134, 49, 121, 161, 107, 192, 99, 58, 146, 13, 147, 18, 66, 21, 127, 49, 197, 177, 199, 179, 73, 158, 199, 51, 196, 74, 190, 136, 83]
inserting at index  1
[107, 158, 132, 30, 47, 41, 113, 167, 27, 7, 47, 116, 155, 174, 177, 149, 71, 37, 172, 184, 35, 160, 27, 100, 166, 135, 68, 55, 80, 134, 49, 121, 161, 107, 192, 99, 58, 146, 13, 147, 18, 66, 21, 127, 49, 197, 177, 199, 179, 73, 158, 199, 51, 196, 74, 190, 136, 83]
inserting at index  7
[107, 158, 132, 30, 47, 41, 113, 13, 167, 27, 7, 47, 116, 155, 174, 177, 149, 71, 37, 172, 184, 35, 160, 27, 100, 166, 135, 68, 55, 80, 134, 49, 121, 161, 107, 192, 99, 58, 146, 13, 147, 18, 66, 21, 127, 49, 197, 177, 199, 179, 73, 158, 199, 51, 196, 74, 190, 136, 83]
inserting at index  7
[107, 158, 132, 30, 47, 41, 113, 139, 13, 167, 27, 7, 47, 116, 155, 174, 177, 149, 71, 37, 172, 184, 35, 160, 27, 100, 166, 135, 68, 55, 80, 134, 49, 121, 161, 107, 192, 99, 58, 146, 13, 147, 18, 66, 21, 127, 49, 197, 177, 199, 179, 73, 158, 199, 51, 196, 74, 190, 136, 83]
inserting at index  22
[107, 158, 132, 30, 47, 41, 113, 139, 13, 167, 27, 7, 47, 116, 155, 174, 177, 149, 71, 37, 172, 184, 176, 35, 160, 27, 100, 166, 135, 68, 55, 80, 134, 49, 121, 161, 107, 192, 99, 58, 146, 13, 147, 18, 66, 21, 127, 49, 197, 177, 199, 179, 73, 158, 199, 51, 196, 74, 190, 136, 83]
inserting at index  1
[107, 163, 158, 132, 30, 47, 41, 113, 139, 13, 167, 27, 7, 47, 116, 155, 174, 177, 149, 71, 37, 172, 184, 176, 35, 160, 27, 100, 166, 135, 68, 55, 80, 134, 49, 121, 161, 107, 192, 99, 58, 146, 13, 147, 18, 66, 21, 127, 49, 197, 177, 199, 179, 73, 158, 199, 51, 196, 74, 190, 136, 83]
inserting at index  11
[107, 163, 158, 132, 30, 47, 41, 113, 139, 13, 167, 128, 27, 7, 47, 116, 155, 174, 177, 149, 71, 37, 172, 184, 176, 35, 160, 27, 100, 166, 135, 68, 55, 80, 134, 49, 121, 161, 107, 192, 99, 58, 146, 13, 147, 18, 66, 21, 127, 49, 197, 177, 199, 179, 73, 158, 199, 51, 196, 74, 190, 136, 83]
inserting at index  18
[107, 163, 158, 132, 30, 47, 41, 113, 139, 13, 167, 128, 27, 7, 47, 116, 155, 174, 15, 177, 149, 71, 37, 172, 184, 176, 35, 160, 27, 100, 166, 135, 68, 55, 80, 134, 49, 121, 161, 107, 192, 99, 58, 146, 13, 147, 18, 66, 21, 127, 49, 197, 177, 199, 179, 73, 158, 199, 51, 196, 74, 190, 136, 83]
inserting at index  8
[107, 163, 158, 132, 30, 47, 41, 113, 22, 139, 13, 167, 128, 27, 7, 47, 116, 155, 174, 15, 177, 149, 71, 37, 172, 184, 176, 35, 160, 27, 100, 166, 135, 68, 55, 80, 134, 49, 121, 161, 107, 192, 99, 58, 146, 13, 147, 18, 66, 21, 127, 49, 197, 177, 199, 179, 73, 158, 199, 51, 196, 74, 190, 136, 83]
inserting at index  12
[107, 163, 158, 132, 30, 47, 41, 113, 22, 139, 13, 167, 197, 128, 27, 7, 47, 116, 155, 174, 15, 177, 149, 71, 37, 172, 184, 176, 35, 160, 27, 100, 166, 135, 68, 55, 80, 134, 49, 121, 161, 107, 192, 99, 58, 146, 13, 147, 18, 66, 21, 127, 49, 197, 177, 199, 179, 73, 158, 199, 51, 196, 74, 190, 136, 83]
time is 3



inserting at end 
[107, 163, 158, 132, 30, 47, 41, 113, 22, 139, 13, 167, 197, 128, 27, 7, 47, 116, 155, 174, 15, 177, 149, 71, 37, 172, 184, 176, 35, 160, 27, 100, 166, 135, 68, 55, 80, 134, 49, 121, 161, 107, 192, 99, 58, 146, 13, 147, 18, 66, 21, 127, 49, 197, 177, 199, 179, 73, 158, 199, 51, 196, 74, 190, 136, 83, 27]
inserting at end 
[107, 163, 158, 132, 30, 47, 41, 113, 22, 139, 13, 167, 197, 128, 27, 7, 47, 116, 155, 174, 15, 177, 149, 71, 37, 172, 184, 176, 35, 160, 27, 100, 166, 135, 68, 55, 80, 134, 49, 121, 161, 107, 192, 99, 58, 146, 13, 147, 18, 66, 21, 127, 49, 197, 177, 199, 179, 73, 158, 199, 51, 196, 74, 190, 136, 83, 27, 17]
inserting at end 
[107, 163, 158, 132, 30, 47, 41, 113, 22, 139, 13, 167, 197, 128, 27, 7, 47, 116, 155, 174, 15, 177, 149, 71, 37, 172, 184, 176, 35, 160, 27, 100, 166, 135, 68, 55, 80, 134, 49, 121, 161, 107, 192, 99, 58, 146, 13, 147, 18, 66, 21, 127, 49, 197, 177, 199, 179, 73, 158, 199, 51, 196, 74, 190, 136, 83, 27, 17, 10]
inserting at end 
[107, 163, 158, 132, 30, 47, 41, 113, 22, 139, 13, 167, 197, 128, 27, 7, 47, 116, 155, 174, 15, 177, 149, 71, 37, 172, 184, 176, 35, 160, 27, 100, 166, 135, 68, 55, 80, 134, 49, 121, 161, 107, 192, 99, 58, 146, 13, 147, 18, 66, 21, 127, 49, 197, 177, 199, 179, 73, 158, 199, 51, 196, 74, 190, 136, 83, 27, 17, 10, 167]
inserting at end 
[107, 163, 158, 132, 30, 47, 41, 113, 22, 139, 13, 167, 197, 128, 27, 7, 47, 116, 155, 174, 15, 177, 149, 71, 37, 172, 184, 176, 35, 160, 27, 100, 166, 135, 68, 55, 80, 134, 49, 121, 161, 107, 192, 99, 58, 146, 13, 147, 18, 66, 21, 127, 49, 197, 177, 199, 179, 73, 158, 199, 51, 196, 74, 190, 136, 83, 27, 17, 10, 167, 118]
inserting at end 
[107, 163, 158, 132, 30, 47, 41, 113, 22, 139, 13, 167, 197, 128, 27, 7, 47, 116, 155, 174, 15, 177, 149, 71, 37, 172, 184, 176, 35, 160, 27, 100, 166, 135, 68, 55, 80, 134, 49, 121, 161, 107, 192, 99, 58, 146, 13, 147, 18, 66, 21, 127, 49, 197, 177, 199, 179, 73, 158, 199, 51, 196, 74, 190, 136, 83, 27, 17, 10, 167, 118, 9]
inserting at end 
[107, 163, 158, 132, 30, 47, 41, 113, 22, 139, 13, 167, 197, 128, 27, 7, 47, 116, 155, 174, 15, 177, 149, 71, 37, 172, 184, 176, 35, 160, 27, 100, 166, 135, 68, 55, 80, 134, 49, 121, 161, 107, 192, 99, 58, 146, 13, 147, 18, 66, 21, 127, 49, 197, 177, 199, 179, 73, 158, 199, 51, 196, 74, 190, 136, 83, 27, 17, 10, 167, 118, 9, 159]
inserting at end 
[107, 163, 158, 132, 30, 47, 41, 113, 22, 139, 13, 167, 197, 128, 27, 7, 47, 116, 155, 174, 15, 177, 149, 71, 37, 172, 184, 176, 35, 160, 27, 100, 166, 135, 68, 55, 80, 134, 49, 121, 161, 107, 192, 99, 58, 146, 13, 147, 18, 66, 21, 127, 49, 197, 177, 199, 179, 73, 158, 199, 51, 196, 74, 190, 136, 83, 27, 17, 10, 167, 118, 9, 159, 85]
inserting at end 
[107, 163, 158, 132, 30, 47, 41, 113, 22, 139, 13, 167, 197, 128, 27, 7, 47, 116, 155, 174, 15, 177, 149, 71, 37, 172, 184, 176, 35, 160, 27, 100, 166, 135, 68, 55, 80, 134, 49, 121, 161, 107, 192, 99, 58, 146, 13, 147, 18, 66, 21, 127, 49, 197, 177, 199, 179, 73, 158, 199, 51, 196, 74, 190, 136, 83, 27, 17, 10, 167, 118, 9, 159, 85, 66]
inserting at end 
[107, 163, 158, 132, 30, 47, 41, 113, 22, 139, 13, 167, 197, 128, 27, 7, 47, 116, 155, 174, 15, 177, 149, 71, 37, 172, 184, 176, 35, 160, 27, 100, 166, 135, 68, 55, 80, 134, 49, 121, 161, 107, 192, 99, 58, 146, 13, 147, 18, 66, 21, 127, 49, 197, 177, 199, 179, 73, 158, 199, 51, 196, 74, 190, 136, 83, 27, 17, 10, 167, 118, 9, 159, 85, 66, 69]
inserting at end 
[107, 163, 158, 132, 30, 47, 41, 113, 22, 139, 13, 167, 197, 128, 27, 7, 47, 116, 155, 174, 15, 177, 149, 71, 37, 172, 184, 176, 35, 160, 27, 100, 166, 135, 68, 55, 80, 134, 49, 121, 161, 107, 192, 99, 58, 146, 13, 147, 18, 66, 21, 127, 49, 197, 177, 199, 179, 73, 158, 199, 51, 196, 74, 190, 136, 83, 27, 17, 10, 167, 118, 9, 159, 85, 66, 69, 137]
inserting at end 
[107, 163, 158, 132, 30, 47, 41, 113, 22, 139, 13, 167, 197, 128, 27, 7, 47, 116, 155, 174, 15, 177, 149, 71, 37, 172, 184, 176, 35, 160, 27, 100, 166, 135, 68, 55, 80, 134, 49, 121, 161, 107, 192, 99, 58, 146, 13, 147, 18, 66, 21, 127, 49, 197, 177, 199, 179, 73, 158, 199, 51, 196, 74, 190, 136, 83, 27, 17, 10, 167, 118, 9, 159, 85, 66, 69, 137, 24]
inserting at end 
[107, 163, 158, 132, 30, 47, 41, 113, 22, 139, 13, 167, 197, 128, 27, 7, 47, 116, 155, 174, 15, 177, 149, 71, 37, 172, 184, 176, 35, 160, 27, 100, 166, 135, 68, 55, 80, 134, 49, 121, 161, 107, 192, 99, 58, 146, 13, 147, 18, 66, 21, 127, 49, 197, 177, 199, 179, 73, 158, 199, 51, 196, 74, 190, 136, 83, 27, 17, 10, 167, 118, 9, 159, 85, 66, 69, 137, 24, 70]
inserting at end 
[107, 163, 158, 132, 30, 47, 41, 113, 22, 139, 13, 167, 197, 128, 27, 7, 47, 116, 155, 174, 15, 177, 149, 71, 37, 172, 184, 176, 35, 160, 27, 100, 166, 135, 68, 55, 80, 134, 49, 121, 161, 107, 192, 99, 58, 146, 13, 147, 18, 66, 21, 127, 49, 197, 177, 199, 179, 73, 158, 199, 51, 196, 74, 190, 136, 83, 27, 17, 10, 167, 118, 9, 159, 85, 66, 69, 137, 24, 70, 95]
inserting at end 
[107, 163, 158, 132, 30, 47, 41, 113, 22, 139, 13, 167, 197, 128, 27, 7, 47, 116, 155, 174, 15, 177, 149, 71, 37, 172, 184, 176, 35, 160, 27, 100, 166, 135, 68, 55, 80, 134, 49, 121, 161, 107, 192, 99, 58, 146, 13, 147, 18, 66, 21, 127, 49, 197, 177, 199, 179, 73, 158, 199, 51, 196, 74, 190, 136, 83, 27, 17, 10, 167, 118, 9, 159, 85, 66, 69, 137, 24, 70, 95, 146]
inserting at end 
[107, 163, 158, 132, 30, 47, 41, 113, 22, 139, 13, 167, 197, 128, 27, 7, 47, 116, 155, 174, 15, 177, 149, 71, 37, 172, 184, 176, 35, 160, 27, 100, 166, 135, 68, 55, 80, 134, 49, 121, 161, 107, 192, 99, 58, 146, 13, 147, 18, 66, 21, 127, 49, 197, 177, 199, 179, 73, 158, 199, 51, 196, 74, 190, 136, 83, 27, 17, 10, 167, 118, 9, 159, 85, 66, 69, 137, 24, 70, 95, 146, 103]
inserting at end 
[107, 163, 158, 132, 30, 47, 41, 113, 22, 139, 13, 167, 197, 128, 27, 7, 47, 116, 155, 174, 15, 177, 149, 71, 37, 172, 184, 176, 35, 160, 27, 100, 166, 135, 68, 55, 80, 134, 49, 121, 161, 107, 192, 99, 58, 146, 13, 147, 18, 66, 21, 127, 49, 197, 177, 199, 179, 73, 158, 199, 51, 196, 74, 190, 136, 83, 27, 17, 10, 167, 118, 9, 159, 85, 66, 69, 137, 24, 70, 95, 146, 103, 106]
inserting at end 
[107, 163, 158, 132, 30, 47, 41, 113, 22, 139, 13, 167, 197, 128, 27, 7, 47, 116, 155, 174, 15, 177, 149, 71, 37, 172, 184, 176, 35, 160, 27, 100, 166, 135, 68, 55, 80, 134, 49, 121, 161, 107, 192, 99, 58, 146, 13, 147, 18, 66, 21, 127, 49, 197, 177, 199, 179, 73, 158, 199, 51, 196, 74, 190, 136, 83, 27, 17, 10, 167, 118, 9, 159, 85, 66, 69, 137, 24, 70, 95, 146, 103, 106, 109]
inserting at end 
[107, 163, 158, 132, 30, 47, 41, 113, 22, 139, 13, 167, 197, 128, 27, 7, 47, 116, 155, 174, 15, 177, 149, 71, 37, 172, 184, 176, 35, 160, 27, 100, 166, 135, 68, 55, 80, 134, 49, 121, 161, 107, 192, 99, 58, 146, 13, 147, 18, 66, 21, 127, 49, 197, 177, 199, 179, 73, 158, 199, 51, 196, 74, 190, 136, 83, 27, 17, 10, 167, 118, 9, 159, 85, 66, 69, 137, 24, 70, 95, 146, 103, 106, 109, 139]
inserting at end 
[107, 163, 158, 132, 30, 47, 41, 113, 22, 139, 13, 167, 197, 128, 27, 7, 47, 116, 155, 174, 15, 177, 149, 71, 37, 172, 184, 176, 35, 160, 27, 100, 166, 135, 68, 55, 80, 134, 49, 121, 161, 107, 192, 99, 58, 146, 13, 147, 18, 66, 21, 127, 49, 197, 177, 199, 179, 73, 158, 199, 51, 196, 74, 190, 136, 83, 27, 17, 10, 167, 118, 9, 159, 85, 66, 69, 137, 24, 70, 95, 146, 103, 106, 109, 139, 69]
inserting at end 
[107, 163, 158, 132, 30, 47, 41, 113, 22, 139, 13, 167, 197, 128, 27, 7, 47, 116, 155, 174, 15, 177, 149, 71, 37, 172, 184, 176, 35, 160, 27, 100, 166, 135, 68, 55, 80, 134, 49, 121, 161, 107, 192, 99, 58, 146, 13, 147, 18, 66, 21, 127, 49, 197, 177, 199, 179, 73, 158, 199, 51, 196, 74, 190, 136, 83, 27, 17, 10, 167, 118, 9, 159, 85, 66, 69, 137, 24, 70, 95, 146, 103, 106, 109, 139, 69, 117]
inserting at end 
[107, 163, 158, 132, 30, 47, 41, 113, 22, 139, 13, 167, 197, 128, 27, 7, 47, 116, 155, 174, 15, 177, 149, 71, 37, 172, 184, 176, 35, 160, 27, 100, 166, 135, 68, 55, 80, 134, 49, 121, 161, 107, 192, 99, 58, 146, 13, 147, 18, 66, 21, 127, 49, 197, 177, 199, 179, 73, 158, 199, 51, 196, 74, 190, 136, 83, 27, 17, 10, 167, 118, 9, 159, 85, 66, 69, 137, 24, 70, 95, 146, 103, 106, 109, 139, 69, 117, 78]
inserting at end 
[107, 163, 158, 132, 30, 47, 41, 113, 22, 139, 13, 167, 197, 128, 27, 7, 47, 116, 155, 174, 15, 177, 149, 71, 37, 172, 184, 176, 35, 160, 27, 100, 166, 135, 68, 55, 80, 134, 49, 121, 161, 107, 192, 99, 58, 146, 13, 147, 18, 66, 21, 127, 49, 197, 177, 199, 179, 73, 158, 199, 51, 196, 74, 190, 136, 83, 27, 17, 10, 167, 118, 9, 159, 85, 66, 69, 137, 24, 70, 95, 146, 103, 106, 109, 139, 69, 117, 78, 132]
inserting at end 
[107, 163, 158, 132, 30, 47, 41, 113, 22, 139, 13, 167, 197, 128, 27, 7, 47, 116, 155, 174, 15, 177, 149, 71, 37, 172, 184, 176, 35, 160, 27, 100, 166, 135, 68, 55, 80, 134, 49, 121, 161, 107, 192, 99, 58, 146, 13, 147, 18, 66, 21, 127, 49, 197, 177, 199, 179, 73, 158, 199, 51, 196, 74, 190, 136, 83, 27, 17, 10, 167, 118, 9, 159, 85, 66, 69, 137, 24, 70, 95, 146, 103, 106, 109, 139, 69, 117, 78, 132, 172]
inserting at end 
[107, 163, 158, 132, 30, 47, 41, 113, 22, 139, 13, 167, 197, 128, 27, 7, 47, 116, 155, 174, 15, 177, 149, 71, 37, 172, 184, 176, 35, 160, 27, 100, 166, 135, 68, 55, 80, 134, 49, 121, 161, 107, 192, 99, 58, 146, 13, 147, 18, 66, 21, 127, 49, 197, 177, 199, 179, 73, 158, 199, 51, 196, 74, 190, 136, 83, 27, 17, 10, 167, 118, 9, 159, 85, 66, 69, 137, 24, 70, 95, 146, 103, 106, 109, 139, 69, 117, 78, 132, 172, 65]
inserting at end 
[107, 163, 158, 132, 30, 47, 41, 113, 22, 139, 13, 167, 197, 128, 27, 7, 47, 116, 155, 174, 15, 177, 149, 71, 37, 172, 184, 176, 35, 160, 27, 100, 166, 135, 68, 55, 80, 134, 49, 121, 161, 107, 192, 99, 58, 146, 13, 147, 18, 66, 21, 127, 49, 197, 177, 199, 179, 73, 158, 199, 51, 196, 74, 190, 136, 83, 27, 17, 10, 167, 118, 9, 159, 85, 66, 69, 137, 24, 70, 95, 146, 103, 106, 109, 139, 69, 117, 78, 132, 172, 65, 30]
inserting at end 
[107, 163, 158, 132, 30, 47, 41, 113, 22, 139, 13, 167, 197, 128, 27, 7, 47, 116, 155, 174, 15, 177, 149, 71, 37, 172, 184, 176, 35, 160, 27, 100, 166, 135, 68, 55, 80, 134, 49, 121, 161, 107, 192, 99, 58, 146, 13, 147, 18, 66, 21, 127, 49, 197, 177, 199, 179, 73, 158, 199, 51, 196, 74, 190, 136, 83, 27, 17, 10, 167, 118, 9, 159, 85, 66, 69, 137, 24, 70, 95, 146, 103, 106, 109, 139, 69, 117, 78, 132, 172, 65, 30, 140]
inserting at end 
[107, 163, 158, 132, 30, 47, 41, 113, 22, 139, 13, 167, 197, 128, 27, 7, 47, 116, 155, 174, 15, 177, 149, 71, 37, 172, 184, 176, 35, 160, 27, 100, 166, 135, 68, 55, 80, 134, 49, 121, 161, 107, 192, 99, 58, 146, 13, 147, 18, 66, 21, 127, 49, 197, 177, 199, 179, 73, 158, 199, 51, 196, 74, 190, 136, 83, 27, 17, 10, 167, 118, 9, 159, 85, 66, 69, 137, 24, 70, 95, 146, 103, 106, 109, 139, 69, 117, 78, 132, 172, 65, 30, 140, 85]
inserting at end 
[107, 163, 158, 132, 30, 47, 41, 113, 22, 139, 13, 167, 197, 128, 27, 7, 47, 116, 155, 174, 15, 177, 149, 71, 37, 172, 184, 176, 35, 160, 27, 100, 166, 135, 68, 55, 80, 134, 49, 121, 161, 107, 192, 99, 58, 146, 13, 147, 18, 66, 21, 127, 49, 197, 177, 199, 179, 73, 158, 199, 51, 196, 74, 190, 136, 83, 27, 17, 10, 167, 118, 9, 159, 85, 66, 69, 137, 24, 70, 95, 146, 103, 106, 109, 139, 69, 117, 78, 132, 172, 65, 30, 140, 85, 93]
inserting at end 
[107, 163, 158, 132, 30, 47, 41, 113, 22, 139, 13, 167, 197, 128, 27, 7, 47, 116, 155, 174, 15, 177, 149, 71, 37, 172, 184, 176, 35, 160, 27, 100, 166, 135, 68, 55, 80, 134, 49, 121, 161, 107, 192, 99, 58, 146, 13, 147, 18, 66, 21, 127, 49, 197, 177, 199, 179, 73, 158, 199, 51, 196, 74, 190, 136, 83, 27, 17, 10, 167, 118, 9, 159, 85, 66, 69, 137, 24, 70, 95, 146, 103, 106, 109, 139, 69, 117, 78, 132, 172, 65, 30, 140, 85, 93, 130]
inserting at end 
[107, 163, 158, 132, 30, 47, 41, 113, 22, 139, 13, 167, 197, 128, 27, 7, 47, 116, 155, 174, 15, 177, 149, 71, 37, 172, 184, 176, 35, 160, 27, 100, 166, 135, 68, 55, 80, 134, 49, 121, 161, 107, 192, 99, 58, 146, 13, 147, 18, 66, 21, 127, 49, 197, 177, 199, 179, 73, 158, 199, 51, 196, 74, 190, 136, 83, 27, 17, 10, 167, 118, 9, 159, 85, 66, 69, 137, 24, 70, 95, 146, 103, 106, 109, 139, 69, 117, 78, 132, 172, 65, 30, 140, 85, 93, 130, 60]
inserting at end 
[107, 163, 158, 132, 30, 47, 41, 113, 22, 139, 13, 167, 197, 128, 27, 7, 47, 116, 155, 174, 15, 177, 149, 71, 37, 172, 184, 176, 35, 160, 27, 100, 166, 135, 68, 55, 80, 134, 49, 121, 161, 107, 192, 99, 58, 146, 13, 147, 18, 66, 21, 127, 49, 197, 177, 199, 179, 73, 158, 199, 51, 196, 74, 190, 136, 83, 27, 17, 10, 167, 118, 9, 159, 85, 66, 69, 137, 24, 70, 95, 146, 103, 106, 109, 139, 69, 117, 78, 132, 172, 65, 30, 140, 85, 93, 130, 60, 43]
inserting at end 
[107, 163, 158, 132, 30, 47, 41, 113, 22, 139, 13, 167, 197, 128, 27, 7, 47, 116, 155, 174, 15, 177, 149, 71, 37, 172, 184, 176, 35, 160, 27, 100, 166, 135, 68, 55, 80, 134, 49, 121, 161, 107, 192, 99, 58, 146, 13, 147, 18, 66, 21, 127, 49, 197, 177, 199, 179, 73, 158, 199, 51, 196, 74, 190, 136, 83, 27, 17, 10, 167, 118, 9, 159, 85, 66, 69, 137, 24, 70, 95, 146, 103, 106, 109, 139, 69, 117, 78, 132, 172, 65, 30, 140, 85, 93, 130, 60, 43, 160]
inserting at end 
[107, 163, 158, 132, 30, 47, 41, 113, 22, 139, 13, 167, 197, 128, 27, 7, 47, 116, 155, 174, 15, 177, 149, 71, 37, 172, 184, 176, 35, 160, 27, 100, 166, 135, 68, 55, 80, 134, 49, 121, 161, 107, 192, 99, 58, 146, 13, 147, 18, 66, 21, 127, 49, 197, 177, 199, 179, 73, 158, 199, 51, 196, 74, 190, 136, 83, 27, 17, 10, 167, 118, 9, 159, 85, 66, 69, 137, 24, 70, 95, 146, 103, 106, 109, 139, 69, 117, 78, 132, 172, 65, 30, 140, 85, 93, 130, 60, 43, 160, 138]
time is 2
